527.0 514.0 531.0 505.0 555.0 519.0 555.0 530.0 ship
403.0 165.0 400.0 162.0 408.0 154.0 411.0 158.0 ship
439.0 183.0 444.0 186.0 435.0 196.0 430.0 193.0 ship
431.0 192.0 427.0 188.0 436.0 178.0 441.0 181.0 ship
433.0 174.0 437.0 177.0 428.0 187.0 424.0 184.0 ship
420.0 181.0 416.0 177.0 425.0 167.0 429.0 171.0 ship
414.0 176.0 411.0 172.0 422.0 163.0 425.0 167.0 ship
411.0 172.0 408.0 167.0 419.0 158.0 423.0 163.0 ship
449.0 139.0 453.0 143.0 441.0 154.0 437.0 150.0 ship
445.0 134.0 449.0 138.0 437.0 150.0 433.0 146.0 ship
442.0 130.0 445.0 134.0 436.0 143.0 432.0 140.0 ship
438.0 126.0 442.0 130.0 431.0 141.0 427.0 138.0 ship
434.0 122.0 437.0 126.0 427.0 135.0 423.0 131.0 ship
431.0 119.0 434.0 122.0 424.0 131.0 421.0 127.0 ship
426.0 115.0 429.0 118.0 419.0 128.0 415.0 125.0 ship
408.0 168.0 404.0 164.0 417.0 153.0 420.0 157.0 ship
400.0 161.0 397.0 157.0 408.0 148.0 411.0 152.0 ship
426.0 200.0 430.0 204.0 419.0 215.0 415.0 212.0 ship
404.0 144.0 408.0 148.0 396.0 158.0 393.0 154.0 ship
192.0 297.0 197.0 302.0 183.0 317.0 178.0 312.0 ship
197.0 302.0 202.0 307.0 188.0 321.0 183.0 316.0 ship
202.0 308.0 206.0 313.0 191.0 326.0 187.0 321.0 ship
195.0 335.0 190.0 330.0 207.0 312.0 212.0 318.0 ship
211.0 318.0 215.0 322.0 202.0 339.0 197.0 334.0 ship
206.0 344.0 201.0 339.0 217.0 322.0 222.0 327.0 ship
222.0 327.0 226.0 331.0 211.0 348.0 207.0 343.0 ship
226.0 331.0 231.0 336.0 218.0 352.0 213.0 348.0 ship
220.0 358.0 216.0 353.0 230.0 338.0 235.0 343.0 ship
228.0 361.0 223.0 356.0 236.0 343.0 241.0 348.0 ship
241.0 348.0 245.0 353.0 232.0 364.0 228.0 360.0 ship
246.0 352.0 251.0 357.0 235.0 372.0 230.0 367.0 ship
251.0 357.0 256.0 362.0 240.0 377.0 236.0 371.0 ship
444.0 188.0 448.0 192.0 438.0 200.0 435.0 196.0 ship
431.0 204.0 435.0 208.0 425.0 218.0 421.0 214.0 ship
485.0 576.0 489.0 569.0 514.0 587.0 505.0 590.0 ship
461.0 223.0 457.0 220.0 468.0 210.0 471.0 213.0 ship
476.0 165.0 479.0 168.0 469.0 178.0 465.0 175.0 ship
469.0 157.0 472.0 160.0 462.0 169.0 459.0 166.0 ship
504.0 265.0 501.0 262.0 511.0 251.0 514.0 255.0 ship
500.0 262.0 496.0 258.0 506.0 247.0 510.0 252.0 ship
495.0 258.0 491.0 254.0 501.0 244.0 505.0 248.0 ship
490.0 264.0 493.0 268.0 480.0 278.0 477.0 274.0 ship
485.0 259.0 488.0 263.0 474.0 276.0 471.0 271.0 ship
488.0 250.0 484.0 246.0 494.0 237.0 498.0 241.0 ship
485.0 245.0 482.0 242.0 492.0 232.0 495.0 236.0 ship
487.0 229.0 491.0 234.0 480.0 243.0 477.0 239.0 ship
476.0 239.0 473.0 236.0 482.0 226.0 485.0 230.0 ship
474.0 234.0 470.0 231.0 481.0 218.0 485.0 222.0 ship
475.0 216.0 479.0 220.0 469.0 231.0 465.0 227.0 ship
472.0 212.0 475.0 216.0 466.0 227.0 462.0 223.0 ship
458.0 219.0 454.0 215.0 464.0 205.0 468.0 209.0 ship
427.0 225.0 423.0 221.0 434.0 208.0 439.0 213.0 ship
454.0 215.0 451.0 212.0 460.0 203.0 463.0 206.0 ship
450.0 211.0 446.0 207.0 458.0 197.0 462.0 201.0 ship
445.0 208.0 442.0 204.0 452.0 195.0 455.0 199.0 ship
442.0 203.0 439.0 200.0 447.0 192.0 451.0 195.0 ship
481.0 255.0 484.0 259.0 472.0 270.0 468.0 266.0 ship
476.0 250.0 480.0 254.0 468.0 266.0 464.0 262.0 ship
472.0 247.0 475.0 251.0 463.0 261.0 460.0 258.0 ship
468.0 243.0 471.0 246.0 462.0 256.0 458.0 252.0 ship
459.0 235.0 463.0 239.0 452.0 250.0 448.0 246.0 ship
456.0 230.0 459.0 234.0 447.0 246.0 443.0 242.0 ship
451.0 226.0 455.0 231.0 443.0 242.0 439.0 238.0 ship
448.0 221.0 452.0 225.0 441.0 235.0 437.0 231.0 ship
443.0 218.0 447.0 222.0 436.0 234.0 432.0 230.0 ship
438.0 213.0 443.0 218.0 430.0 230.0 426.0 226.0 ship
255.0 363.0 260.0 368.0 245.0 383.0 241.0 378.0 ship
261.0 367.0 266.0 372.0 253.0 386.0 248.0 381.0 ship
268.0 377.0 274.0 382.0 260.0 397.0 254.0 392.0 ship
125.0 228.0 130.0 233.0 117.0 246.0 113.0 242.0 ship
149.0 360.0 145.0 355.0 160.0 340.0 164.0 346.0 ship
143.0 356.0 138.0 352.0 154.0 335.0 160.0 340.0 ship
138.0 352.0 134.0 347.0 149.0 330.0 154.0 336.0 ship
143.0 327.0 147.0 331.0 134.0 346.0 129.0 341.0 ship
128.0 341.0 123.0 336.0 135.0 324.0 140.0 329.0 ship
125.0 335.0 120.0 331.0 133.0 316.0 139.0 320.0 ship
119.0 331.0 115.0 326.0 129.0 310.0 134.0 315.0 ship
115.0 325.0 111.0 321.0 123.0 307.0 128.0 311.0 ship
110.0 320.0 106.0 316.0 121.0 300.0 125.0 304.0 ship
105.0 316.0 101.0 313.0 108.0 303.0 112.0 306.0 ship
100.0 311.0 95.0 307.0 107.0 294.0 111.0 298.0 ship
96.0 306.0 92.0 301.0 105.0 288.0 109.0 292.0 ship
91.0 300.0 86.0 295.0 100.0 282.0 104.0 288.0 ship
109.0 242.0 105.0 237.0 117.0 226.0 122.0 231.0 ship
121.0 252.0 117.0 247.0 130.0 233.0 134.0 238.0 ship
275.0 383.0 279.0 387.0 266.0 400.0 262.0 396.0 ship
135.0 239.0 139.0 244.0 125.0 256.0 121.0 252.0 ship
129.0 262.0 124.0 257.0 140.0 243.0 144.0 248.0 ship
149.0 254.0 154.0 259.0 137.0 275.0 132.0 270.0 ship
145.0 249.0 148.0 253.0 141.0 259.0 138.0 256.0 ship
153.0 259.0 158.0 262.0 147.0 275.0 143.0 272.0 ship
163.0 267.0 168.0 272.0 152.0 289.0 146.0 283.0 ship
169.0 273.0 173.0 277.0 161.0 290.0 157.0 286.0 ship
164.0 296.0 159.0 291.0 173.0 278.0 178.0 284.0 ship
168.0 303.0 163.0 298.0 177.0 284.0 182.0 288.0 ship
183.0 288.0 187.0 293.0 174.0 306.0 170.0 301.0 ship
345.0 411.0 349.0 415.0 335.0 430.0 330.0 426.0 ship
329.0 425.0 325.0 421.0 337.0 409.0 342.0 413.0 ship
325.0 421.0 321.0 417.0 334.0 403.0 338.0 407.0 ship
320.0 416.0 316.0 411.0 330.0 397.0 335.0 401.0 ship
152.0 365.0 149.0 362.0 158.0 352.0 162.0 356.0 ship
171.0 349.0 180.0 359.0 164.0 375.0 154.0 366.0 ship
168.0 381.0 164.0 377.0 179.0 361.0 183.0 365.0 ship
178.0 390.0 173.0 385.0 187.0 371.0 192.0 375.0 ship
279.0 387.0 284.0 392.0 270.0 409.0 264.0 404.0 ship
283.0 393.0 288.0 397.0 276.0 410.0 272.0 406.0 ship
288.0 397.0 293.0 402.0 279.0 416.0 275.0 412.0 ship
292.0 403.0 296.0 408.0 284.0 421.0 279.0 416.0 ship
300.0 407.0 304.0 412.0 289.0 425.0 285.0 420.0 ship
304.0 412.0 309.0 416.0 293.0 430.0 289.0 425.0 ship
309.0 417.0 313.0 422.0 298.0 436.0 294.0 431.0 ship
314.0 422.0 318.0 427.0 304.0 440.0 300.0 435.0 ship
309.0 447.0 304.0 441.0 319.0 427.0 324.0 432.0 ship
322.0 434.0 326.0 439.0 313.0 451.0 309.0 448.0 ship
287.0 467.0 291.0 473.0 275.0 488.0 270.0 484.0 ship
280.0 463.0 285.0 469.0 270.0 485.0 265.0 479.0 ship
265.0 479.0 260.0 475.0 272.0 462.0 277.0 466.0 ship
261.0 473.0 256.0 470.0 267.0 456.0 272.0 460.0 ship
263.0 451.0 268.0 455.0 255.0 470.0 250.0 466.0 ship
250.0 464.0 246.0 459.0 258.0 446.0 263.0 450.0 ship
246.0 459.0 242.0 455.0 252.0 443.0 257.0 447.0 ship
241.0 455.0 236.0 450.0 252.0 434.0 257.0 439.0 ship
244.0 431.0 249.0 436.0 236.0 450.0 231.0 445.0 ship
231.0 445.0 226.0 441.0 239.0 426.0 245.0 430.0 ship
226.0 441.0 222.0 436.0 234.0 422.0 239.0 426.0 ship
221.0 434.0 217.0 431.0 229.0 416.0 233.0 420.0 ship
217.0 431.0 212.0 426.0 223.0 412.0 229.0 416.0 ship
222.0 404.0 227.0 408.0 212.0 425.0 207.0 420.0 ship
206.0 420.0 202.0 415.0 217.0 400.0 221.0 404.0 ship
198.0 410.0 193.0 406.0 206.0 391.0 211.0 395.0 ship
200.0 385.0 206.0 390.0 192.0 406.0 187.0 401.0 ship
187.0 400.0 183.0 396.0 196.0 381.0 201.0 386.0 ship
183.0 395.0 178.0 391.0 191.0 377.0 196.0 381.0 ship
480.0 170.0 483.0 173.0 474.0 181.0 471.0 177.0 ship
487.0 176.0 491.0 180.0 480.0 192.0 475.0 188.0 ship
494.0 185.0 498.0 188.0 489.0 197.0 486.0 193.0 ship
308.0 68.0 304.0 63.0 316.0 54.0 320.0 58.0 ship
190.0 92.0 184.0 98.0 166.0 79.0 172.0 73.0 ship
196.0 87.0 191.0 91.0 172.0 72.0 176.0 67.0 ship
177.0 67.0 180.0 64.0 189.0 72.0 185.0 76.0 ship
209.0 80.0 203.0 86.0 180.0 63.0 186.0 58.0 ship
212.0 71.0 206.0 76.0 187.0 57.0 193.0 51.0 ship
213.0 62.0 208.0 66.0 193.0 52.0 198.0 46.0 ship
222.0 58.0 217.0 63.0 199.0 47.0 204.0 41.0 ship
234.0 45.0 229.0 50.0 214.0 33.0 220.0 28.0 ship
239.0 40.0 233.0 44.0 220.0 27.0 226.0 23.0 ship
253.0 37.0 246.0 43.0 226.0 22.0 233.0 15.0 ship
255.0 26.0 250.0 31.0 233.0 15.0 239.0 10.0 ship
263.0 22.0 257.0 28.0 238.0 9.0 244.0 3.0 ship
297.0 56.0 293.0 51.0 305.0 42.0 308.0 47.0 ship
300.0 60.0 297.0 56.0 309.0 46.0 313.0 51.0 ship
313.0 73.0 309.0 69.0 318.0 59.0 322.0 64.0 ship
162.0 424.0 157.0 418.0 175.0 400.0 180.0 405.0 ship
70.0 232.0 76.0 238.0 60.0 255.0 53.0 249.0 ship
75.0 286.0 71.0 282.0 82.0 268.0 87.0 273.0 ship
91.0 268.0 97.0 272.0 81.0 292.0 75.0 287.0 ship
93.0 279.0 97.0 283.0 85.0 296.0 81.0 292.0 ship
26.0 254.0 21.0 260.0 1.0 241.0 6.0 235.0 ship
23.0 265.0 16.0 271.0 0.0 253.0 0.0 241.0 ship
14.0 270.0 9.0 276.0 0.0 267.0 0.0 255.0 ship
118.0 381.0 112.0 374.0 130.0 356.0 136.0 362.0 ship
136.0 362.0 141.0 366.0 126.0 383.0 120.0 378.0 ship
142.0 367.0 147.0 373.0 130.0 390.0 125.0 384.0 ship
147.0 373.0 152.0 378.0 136.0 396.0 130.0 391.0 ship
153.0 377.0 159.0 383.0 143.0 399.0 138.0 394.0 ship
160.0 384.0 165.0 390.0 146.0 405.0 141.0 400.0 ship
164.0 390.0 170.0 395.0 150.0 414.0 145.0 408.0 ship
184.0 98.0 179.0 104.0 159.0 84.0 165.0 78.0 ship
178.0 106.0 173.0 111.0 153.0 90.0 158.0 84.0 ship
171.0 109.0 167.0 114.0 149.0 96.0 153.0 91.0 ship
161.0 111.0 157.0 115.0 143.0 100.0 148.0 96.0 ship
239.0 107.0 244.0 101.0 454.0 314.0 447.0 320.0 harbor
179.0 165.0 185.0 160.0 390.0 368.0 385.0 374.0 harbor
120.0 223.0 126.0 217.0 331.0 428.0 326.0 433.0 harbor
59.0 283.0 65.0 277.0 271.0 487.0 265.0 493.0 harbor
58.0 315.0 53.0 309.0 70.0 294.0 75.0 299.0 ship
45.0 308.0 39.0 301.0 58.0 283.0 64.0 289.0 ship
68.0 329.0 62.0 323.0 80.0 305.0 86.0 311.0 ship
86.0 311.0 91.0 316.0 75.0 333.0 69.0 328.0 ship
78.0 341.0 72.0 335.0 91.0 316.0 98.0 323.0 ship
98.0 323.0 103.0 328.0 85.0 346.0 80.0 340.0 ship
103.0 328.0 108.0 333.0 88.0 354.0 82.0 348.0 ship
108.0 333.0 113.0 338.0 99.0 356.0 93.0 350.0 ship
113.0 339.0 119.0 344.0 103.0 364.0 97.0 358.0 ship
112.0 365.0 106.0 360.0 119.0 344.0 125.0 350.0 ship
125.0 350.0 130.0 356.0 115.0 371.0 110.0 365.0 ship
77.0 199.0 72.0 205.0 54.0 188.0 59.0 182.0 ship
81.0 191.0 77.0 197.0 60.0 182.0 65.0 177.0 ship
89.0 186.0 85.0 191.0 65.0 176.0 70.0 170.0 ship
91.0 179.0 87.0 184.0 70.0 170.0 75.0 165.0 ship
102.0 179.0 96.0 185.0 76.0 164.0 82.0 158.0 ship
111.0 173.0 105.0 179.0 84.0 160.0 90.0 154.0 ship
92.0 150.0 97.0 145.0 114.0 162.0 110.0 167.0 ship
123.0 160.0 116.0 165.0 99.0 143.0 105.0 139.0 ship
127.0 148.0 122.0 153.0 105.0 137.0 110.0 131.0 ship
132.0 141.0 128.0 145.0 112.0 130.0 116.0 125.0 ship
123.0 121.0 127.0 116.0 142.0 129.0 138.0 134.0 ship
154.0 129.0 148.0 135.0 127.0 116.0 132.0 110.0 ship
151.0 118.0 147.0 122.0 134.0 109.0 138.0 105.0 ship
156.0 114.0 152.0 118.0 138.0 105.0 142.0 100.0 ship
170.0 394.0 175.0 400.0 157.0 418.0 152.0 413.0 ship
180.0 405.0 186.0 411.0 168.0 429.0 163.0 424.0 ship
502.0 192.0 506.0 196.0 494.0 206.0 491.0 202.0 ship
499.0 465.0 493.0 472.0 472.0 448.0 478.0 442.0 ship
396.0 508.0 391.0 512.0 377.0 499.0 381.0 494.0 ship
384.0 494.0 388.0 489.0 401.0 502.0 397.0 506.0 ship
406.0 537.0 402.0 541.0 388.0 527.0 393.0 522.0 ship
397.0 544.0 399.0 538.0 415.0 544.0 413.0 549.0 ship
402.0 550.0 406.0 547.0 416.0 557.0 412.0 561.0 ship
417.0 494.0 424.0 487.0 447.0 510.0 441.0 517.0 ship
419.0 520.0 424.0 515.0 442.0 532.0 436.0 537.0 ship
391.0 511.0 399.0 505.0 425.0 535.0 417.0 541.0 ship
442.0 532.0 447.0 532.0 447.0 541.0 443.0 542.0 ship
461.0 489.0 457.0 494.0 435.0 475.0 441.0 469.0 ship
442.0 468.0 448.0 464.0 470.0 486.0 465.0 491.0 ship
450.0 464.0 456.0 459.0 474.0 480.0 468.0 485.0 ship
482.0 475.0 476.0 480.0 456.0 458.0 462.0 453.0 ship
490.0 470.0 484.0 476.0 463.0 453.0 469.0 446.0 ship
504.0 456.0 498.0 462.0 476.0 440.0 481.0 434.0 ship
186.0 411.0 191.0 416.0 174.0 435.0 169.0 430.0 ship
482.0 432.0 488.0 426.0 506.0 445.0 501.0 451.0 ship
517.0 441.0 511.0 448.0 486.0 425.0 492.0 419.0 ship
526.0 436.0 520.0 444.0 493.0 419.0 499.0 412.0 ship
500.0 413.0 506.0 407.0 526.0 426.0 521.0 431.0 ship
508.0 408.0 515.0 401.0 535.0 422.0 529.0 428.0 ship
539.0 415.0 534.0 420.0 517.0 402.0 522.0 397.0 ship
519.0 394.0 524.0 389.0 542.0 406.0 537.0 411.0 ship
550.0 402.0 546.0 408.0 524.0 389.0 529.0 383.0 ship
531.0 382.0 536.0 377.0 552.0 393.0 547.0 398.0 ship
535.0 226.0 539.0 230.0 527.0 242.0 523.0 238.0 ship
528.0 218.0 531.0 222.0 521.0 232.0 517.0 228.0 ship
517.0 208.0 521.0 212.0 512.0 222.0 507.0 218.0 ship
512.0 204.0 516.0 207.0 506.0 220.0 502.0 217.0 ship
510.0 199.0 514.0 203.0 503.0 214.0 498.0 209.0 ship
403.0 469.0 407.0 465.0 418.0 476.0 414.0 480.0 ship
407.0 460.0 411.0 455.0 427.0 470.0 422.0 475.0 ship
397.0 470.0 392.0 464.0 407.0 451.0 412.0 456.0 ship
391.0 446.0 387.0 449.0 377.0 437.0 381.0 434.0 ship
192.0 416.0 197.0 422.0 179.0 440.0 175.0 435.0 ship
197.0 422.0 202.0 427.0 185.0 444.0 180.0 439.0 ship
201.0 428.0 207.0 434.0 190.0 450.0 185.0 445.0 ship
207.0 433.0 212.0 439.0 197.0 454.0 191.0 449.0 ship
201.0 463.0 196.0 457.0 213.0 440.0 218.0 447.0 ship
206.0 468.0 201.0 463.0 219.0 446.0 224.0 450.0 ship
214.0 472.0 208.0 466.0 224.0 451.0 230.0 457.0 ship
230.0 457.0 235.0 462.0 217.0 482.0 211.0 476.0 ship
224.0 485.0 219.0 480.0 235.0 462.0 241.0 468.0 ship
241.0 468.0 246.0 473.0 228.0 493.0 223.0 488.0 ship
246.0 473.0 252.0 479.0 235.0 497.0 229.0 492.0 ship
256.0 485.0 261.0 490.0 246.0 507.0 240.0 501.0 ship
251.0 481.0 256.0 485.0 240.0 501.0 236.0 496.0 ship
251.0 513.0 246.0 508.0 263.0 490.0 268.0 496.0 ship
273.0 537.0 267.0 543.0 243.0 521.0 249.0 514.0 ship
167.0 531.0 171.0 534.0 157.0 549.0 153.0 545.0 ship
180.0 527.0 187.0 534.0 161.0 560.0 154.0 552.0 ship
142.0 536.0 137.0 532.0 146.0 521.0 151.0 525.0 ship
122.0 565.0 119.0 562.0 127.0 553.0 131.0 556.0 ship
180.0 542.0 185.0 548.0 164.0 565.0 160.0 560.0 ship
194.0 557.0 198.0 563.0 173.0 580.0 169.0 574.0 ship
197.0 565.0 201.0 572.0 177.0 587.0 172.0 581.0 ship
202.0 573.0 206.0 580.0 191.0 590.0 176.0 590.0 ship
348.0 521.0 350.0 525.0 338.0 533.0 335.0 530.0 ship
316.0 483.0 323.0 479.0 339.0 502.0 334.0 506.0 ship
326.0 476.0 331.0 472.0 348.0 492.0 343.0 497.0 ship
336.0 468.0 343.0 463.0 357.0 480.0 350.0 485.0 ship
391.0 462.0 386.0 457.0 400.0 443.0 405.0 448.0 ship
397.0 442.0 393.0 446.0 377.0 431.0 382.0 426.0 ship
315.0 411.0 311.0 406.0 324.0 392.0 329.0 397.0 ship
310.0 406.0 305.0 401.0 320.0 386.0 325.0 390.0 ship
305.0 401.0 301.0 397.0 315.0 382.0 319.0 386.0 ship
306.0 163.0 302.0 160.0 315.0 147.0 320.0 151.0 ship
388.0 246.0 384.0 242.0 395.0 230.0 399.0 234.0 ship
383.0 242.0 380.0 239.0 390.0 227.0 394.0 231.0 ship
380.0 239.0 376.0 235.0 386.0 224.0 389.0 228.0 ship
376.0 234.0 372.0 231.0 383.0 219.0 387.0 223.0 ship
372.0 230.0 367.0 226.0 378.0 214.0 383.0 219.0 ship
364.0 223.0 360.0 219.0 371.0 206.0 376.0 210.0 ship
359.0 217.0 356.0 214.0 368.0 202.0 371.0 206.0 ship
362.0 197.0 367.0 201.0 356.0 214.0 351.0 209.0 ship
351.0 208.0 347.0 203.0 360.0 192.0 364.0 196.0 ship
348.0 181.0 352.0 185.0 338.0 198.0 334.0 194.0 ship
331.0 189.0 327.0 185.0 338.0 171.0 343.0 176.0 ship
326.0 185.0 323.0 181.0 332.0 171.0 336.0 174.0 ship
323.0 181.0 318.0 176.0 330.0 164.0 334.0 168.0 ship
319.0 152.0 323.0 156.0 311.0 167.0 307.0 163.0 ship
310.0 145.0 314.0 148.0 302.0 159.0 298.0 156.0 ship
319.0 80.0 317.0 76.0 330.0 67.0 333.0 72.0 ship
298.0 155.0 294.0 152.0 306.0 141.0 309.0 144.0 ship
294.0 150.0 291.0 146.0 303.0 135.0 307.0 138.0 ship
300.0 130.0 303.0 134.0 291.0 146.0 288.0 142.0 ship
279.0 75.0 275.0 71.0 288.0 58.0 291.0 62.0 ship
296.0 66.0 300.0 70.0 291.0 78.0 288.0 75.0 ship
300.0 71.0 303.0 74.0 293.0 84.0 290.0 81.0 ship
315.0 88.0 320.0 92.0 308.0 105.0 304.0 101.0 ship
320.0 93.0 324.0 97.0 313.0 109.0 309.0 105.0 ship
325.0 97.0 329.0 102.0 317.0 113.0 313.0 109.0 ship
332.0 105.0 336.0 109.0 324.0 120.0 320.0 117.0 ship
336.0 109.0 340.0 113.0 329.0 124.0 324.0 120.0 ship
344.0 117.0 349.0 122.0 336.0 137.0 331.0 132.0 ship
346.0 140.0 342.0 136.0 353.0 126.0 356.0 130.0 ship
357.0 130.0 360.0 134.0 349.0 145.0 346.0 141.0 ship
399.0 235.0 403.0 239.0 392.0 251.0 388.0 247.0 ship
398.0 255.0 393.0 250.0 405.0 238.0 409.0 243.0 ship
404.0 263.0 400.0 259.0 409.0 249.0 414.0 253.0 ship
415.0 252.0 420.0 256.0 410.0 267.0 405.0 263.0 ship
331.0 201.0 335.0 206.0 322.0 220.0 317.0 215.0 ship
331.0 230.0 326.0 224.0 340.0 211.0 345.0 216.0 ship
337.0 234.0 332.0 229.0 346.0 216.0 350.0 221.0 ship
340.0 243.0 335.0 238.0 350.0 222.0 354.0 226.0 ship
355.0 226.0 360.0 231.0 347.0 243.0 343.0 238.0 ship
357.0 232.0 363.0 236.0 350.0 253.0 345.0 248.0 ship
356.0 254.0 352.0 248.0 365.0 236.0 370.0 241.0 ship
370.0 241.0 374.0 246.0 360.0 259.0 355.0 255.0 ship
374.0 245.0 379.0 251.0 365.0 265.0 360.0 260.0 ship
371.0 267.0 366.0 262.0 379.0 250.0 383.0 256.0 ship
377.0 274.0 372.0 269.0 385.0 255.0 390.0 260.0 ship
389.0 261.0 394.0 265.0 381.0 278.0 376.0 274.0 ship
384.0 285.0 379.0 279.0 394.0 265.0 399.0 271.0 ship
388.0 290.0 384.0 285.0 399.0 271.0 404.0 275.0 ship
404.0 275.0 408.0 280.0 397.0 293.0 392.0 288.0 ship
399.0 299.0 395.0 294.0 409.0 280.0 413.0 285.0 ship
413.0 285.0 418.0 290.0 401.0 306.0 397.0 300.0 ship
411.0 305.0 408.0 302.0 420.0 292.0 423.0 295.0 ship
423.0 295.0 428.0 300.0 414.0 315.0 409.0 309.0 ship
433.0 305.0 438.0 310.0 423.0 325.0 418.0 320.0 ship
438.0 310.0 442.0 315.0 428.0 329.0 424.0 324.0 ship
457.0 293.0 461.0 296.0 451.0 309.0 447.0 305.0 ship
443.0 269.0 446.0 265.0 457.0 274.0 453.0 279.0 ship
438.0 297.0 433.0 293.0 445.0 280.0 450.0 284.0 ship
433.0 293.0 429.0 289.0 441.0 275.0 446.0 279.0 ship
429.0 289.0 425.0 284.0 434.0 274.0 439.0 277.0 ship
425.0 284.0 421.0 280.0 432.0 268.0 436.0 272.0 ship
417.0 276.0 413.0 272.0 423.0 262.0 426.0 266.0 ship
413.0 272.0 409.0 268.0 420.0 255.0 425.0 260.0 ship
315.0 76.0 313.0 72.0 325.0 64.0 327.0 68.0 ship
328.0 87.0 324.0 83.0 335.0 74.0 338.0 78.0 ship
321.0 191.0 325.0 195.0 311.0 209.0 308.0 205.0 ship
116.0 454.0 122.0 460.0 105.0 477.0 100.0 471.0 ship
25.0 358.0 36.0 368.0 15.0 388.0 5.0 377.0 ship
32.0 373.0 37.0 378.0 21.0 393.0 15.0 388.0 ship
39.0 378.0 44.0 384.0 27.0 400.0 21.0 394.0 ship
49.0 388.0 54.0 393.0 37.0 410.0 32.0 405.0 ship
57.0 393.0 62.0 398.0 43.0 416.0 39.0 411.0 ship
60.0 401.0 65.0 406.0 48.0 422.0 43.0 417.0 ship
68.0 404.0 73.0 410.0 54.0 428.0 49.0 423.0 ship
59.0 432.0 55.0 429.0 65.0 418.0 69.0 422.0 ship
81.0 421.0 87.0 425.0 69.0 444.0 64.0 439.0 ship
87.0 427.0 93.0 432.0 75.0 449.0 70.0 444.0 ship
91.0 435.0 96.0 440.0 81.0 455.0 76.0 450.0 ship
95.0 441.0 99.0 445.0 86.0 461.0 80.0 456.0 ship
103.0 443.0 109.0 449.0 94.0 466.0 87.0 460.0 ship
109.0 449.0 114.0 454.0 100.0 472.0 94.0 466.0 ship
121.0 461.0 126.0 465.0 108.0 484.0 103.0 479.0 ship
331.0 91.0 328.0 87.0 339.0 78.0 342.0 82.0 ship
113.0 490.0 107.0 485.0 122.0 470.0 127.0 475.0 ship
131.0 470.0 138.0 476.0 119.0 495.0 113.0 490.0 ship
140.0 475.0 146.0 481.0 125.0 501.0 119.0 496.0 ship
143.0 485.0 148.0 491.0 130.0 507.0 126.0 501.0 ship
152.0 498.0 156.0 503.0 139.0 517.0 135.0 512.0 ship
527.0 524.0 531.0 516.0 555.0 530.0 552.0 537.0 ship
524.0 532.0 526.0 525.0 553.0 539.0 549.0 546.0 ship
516.0 537.0 521.0 529.0 546.0 545.0 543.0 553.0 ship
513.0 544.0 517.0 538.0 541.0 553.0 538.0 559.0 ship
504.0 550.0 509.0 542.0 535.0 559.0 532.0 566.0 ship
499.0 557.0 503.0 549.0 531.0 568.0 527.0 574.0 ship
525.0 575.0 522.0 581.0 502.0 568.0 506.0 562.0 ship
520.0 582.0 517.0 588.0 491.0 570.0 495.0 563.0 ship
475.0 580.0 480.0 573.0 502.0 590.0 487.0 590.0 ship
371.0 57.0 374.0 60.0 362.0 73.0 358.0 69.0 ship
375.0 61.0 378.0 64.0 365.0 75.0 363.0 72.0 ship
378.0 66.0 381.0 69.0 368.0 80.0 365.0 77.0 ship
381.0 70.0 385.0 73.0 374.0 85.0 370.0 82.0 ship
336.0 96.0 332.0 93.0 339.0 84.0 343.0 87.0 ship
343.0 103.0 340.0 99.0 350.0 89.0 354.0 93.0 ship
353.0 94.0 357.0 98.0 347.0 107.0 344.0 104.0 ship
355.0 114.0 351.0 110.0 361.0 101.0 365.0 105.0 ship
366.0 105.0 370.0 108.0 358.0 119.0 355.0 115.0 ship
371.0 108.0 375.0 112.0 363.0 122.0 359.0 119.0 ship
370.0 131.0 366.0 126.0 378.0 116.0 382.0 120.0 ship
374.0 133.0 370.0 130.0 382.0 120.0 384.0 123.0 ship
377.0 138.0 373.0 135.0 385.0 123.0 389.0 128.0 ship
381.0 141.0 377.0 138.0 388.0 128.0 391.0 132.0 ship
393.0 130.0 397.0 135.0 385.0 146.0 381.0 142.0 ship
388.0 150.0 385.0 146.0 396.0 136.0 400.0 140.0 ship
393.0 153.0 390.0 149.0 400.0 141.0 403.0 145.0 ship
361.0 134.0 365.0 138.0 354.0 149.0 350.0 145.0 ship
365.0 138.0 369.0 141.0 358.0 153.0 354.0 149.0 ship
370.0 142.0 373.0 146.0 363.0 156.0 358.0 152.0 ship
374.0 147.0 377.0 150.0 367.0 160.0 364.0 156.0 ship
377.0 150.0 381.0 154.0 371.0 166.0 366.0 162.0 ship
389.0 162.0 393.0 167.0 382.0 179.0 377.0 174.0 ship
393.0 168.0 397.0 172.0 388.0 182.0 384.0 178.0 ship
397.0 172.0 401.0 175.0 391.0 186.0 387.0 183.0 ship
401.0 176.0 405.0 179.0 396.0 191.0 391.0 187.0 ship
398.0 195.0 395.0 191.0 406.0 180.0 410.0 184.0 ship
410.0 185.0 414.0 188.0 403.0 198.0 399.0 195.0 ship
414.0 188.0 419.0 193.0 406.0 204.0 402.0 199.0 ship
422.0 195.0 426.0 199.0 414.0 210.0 411.0 206.0 ship
394.0 81.0 397.0 85.0 388.0 92.0 385.0 89.0 ship
383.0 92.0 379.0 88.0 389.0 77.0 393.0 80.0 ship
385.0 73.0 389.0 76.0 378.0 89.0 374.0 85.0 ship
325.0 197.0 329.0 201.0 316.0 215.0 312.0 211.0 ship
315.0 187.0 320.0 192.0 305.0 206.0 301.0 202.0 ship
301.0 396.0 296.0 391.0 311.0 376.0 316.0 380.0 ship
286.0 274.0 290.0 278.0 278.0 291.0 274.0 288.0 ship
208.0 195.0 213.0 200.0 197.0 213.0 193.0 208.0 ship
213.0 200.0 218.0 205.0 200.0 221.0 196.0 215.0 ship
218.0 206.0 223.0 210.0 208.0 225.0 203.0 220.0 ship
212.0 232.0 207.0 227.0 223.0 210.0 229.0 215.0 ship
229.0 215.0 232.0 219.0 219.0 233.0 216.0 229.0 ship
237.0 225.0 242.0 230.0 227.0 245.0 223.0 241.0 ship
244.0 229.0 250.0 235.0 232.0 252.0 227.0 247.0 ship
253.0 239.0 257.0 243.0 243.0 258.0 239.0 253.0 ship
248.0 264.0 244.0 259.0 257.0 244.0 262.0 249.0 ship
263.0 250.0 267.0 254.0 254.0 266.0 250.0 262.0 ship
267.0 254.0 272.0 259.0 256.0 274.0 252.0 270.0 ship
272.0 260.0 276.0 265.0 261.0 279.0 257.0 274.0 ship
276.0 266.0 280.0 270.0 268.0 283.0 264.0 279.0 ship
281.0 269.0 286.0 274.0 274.0 287.0 269.0 283.0 ship
281.0 299.0 276.0 294.0 292.0 279.0 296.0 284.0 ship
374.0 363.0 378.0 367.0 362.0 384.0 358.0 379.0 ship
287.0 303.0 283.0 298.0 296.0 285.0 301.0 289.0 ship
301.0 289.0 305.0 294.0 292.0 308.0 288.0 303.0 ship
307.0 294.0 311.0 297.0 304.0 306.0 300.0 303.0 ship
311.0 299.0 316.0 303.0 301.0 316.0 297.0 311.0 ship
318.0 304.0 321.0 309.0 305.0 322.0 301.0 317.0 ship
321.0 309.0 324.0 313.0 312.0 326.0 308.0 321.0 ship
325.0 313.0 329.0 318.0 315.0 331.0 311.0 326.0 ship
322.0 334.0 318.0 332.0 329.0 318.0 333.0 322.0 ship
336.0 324.0 340.0 329.0 325.0 341.0 320.0 335.0 ship
343.0 329.0 346.0 333.0 330.0 346.0 326.0 342.0 ship
335.0 354.0 330.0 349.0 344.0 335.0 349.0 339.0 ship
355.0 343.0 359.0 347.0 346.0 360.0 342.0 356.0 ship
360.0 349.0 364.0 353.0 350.0 367.0 346.0 364.0 ship
365.0 354.0 370.0 358.0 355.0 373.0 350.0 369.0 ship
204.0 190.0 208.0 194.0 195.0 206.0 191.0 202.0 ship
200.0 184.0 204.0 189.0 189.0 203.0 185.0 199.0 ship
195.0 179.0 199.0 183.0 184.0 199.0 180.0 194.0 ship
190.0 175.0 194.0 179.0 177.0 195.0 173.0 191.0 ship
296.0 391.0 292.0 387.0 306.0 372.0 310.0 376.0 ship
291.0 386.0 286.0 381.0 299.0 368.0 305.0 373.0 ship
286.0 381.0 282.0 377.0 294.0 364.0 298.0 367.0 ship
294.0 354.0 298.0 359.0 282.0 375.0 277.0 370.0 ship
272.0 367.0 267.0 362.0 282.0 346.0 287.0 352.0 ship
267.0 361.0 262.0 357.0 276.0 343.0 281.0 348.0 ship
262.0 356.0 258.0 351.0 273.0 337.0 277.0 342.0 ship
258.0 351.0 253.0 346.0 269.0 330.0 274.0 335.0 ship
253.0 346.0 248.0 341.0 263.0 325.0 268.0 331.0 ship
247.0 341.0 242.0 335.0 256.0 322.0 260.0 328.0 ship
238.0 331.0 234.0 327.0 247.0 312.0 252.0 317.0 ship
241.0 309.0 246.0 313.0 233.0 327.0 229.0 323.0 ship
227.0 321.0 223.0 316.0 237.0 303.0 242.0 307.0 ship
235.0 296.0 239.0 300.0 223.0 316.0 219.0 311.0 ship
218.0 311.0 214.0 306.0 227.0 294.0 231.0 299.0 ship
208.0 301.0 204.0 297.0 215.0 286.0 219.0 290.0 ship
205.0 296.0 200.0 291.0 215.0 278.0 220.0 282.0 ship
199.0 292.0 194.0 287.0 208.0 274.0 213.0 279.0 ship
194.0 287.0 189.0 282.0 206.0 264.0 212.0 269.0 ship
190.0 282.0 185.0 277.0 198.0 262.0 203.0 267.0 ship
180.0 272.0 175.0 268.0 189.0 253.0 194.0 258.0 ship
175.0 267.0 170.0 262.0 183.0 250.0 188.0 254.0 ship
165.0 257.0 161.0 252.0 175.0 237.0 181.0 242.0 ship
160.0 251.0 156.0 248.0 170.0 234.0 174.0 237.0 ship
165.0 229.0 169.0 234.0 156.0 247.0 151.0 242.0 ship
150.0 242.0 146.0 237.0 160.0 221.0 166.0 226.0 ship
142.0 233.0 137.0 228.0 150.0 213.0 155.0 219.0 ship
182.0 165.0 185.0 170.0 174.0 178.0 170.0 174.0 ship
185.0 169.0 190.0 174.0 174.0 188.0 170.0 184.0 ship
370.0 358.0 374.0 363.0 359.0 377.0 355.0 373.0 ship
368.0 384.0 365.0 380.0 379.0 368.0 383.0 373.0 ship
306.0 176.0 311.0 181.0 295.0 197.0 290.0 192.0 ship
274.0 130.0 269.0 126.0 279.0 114.0 284.0 118.0 ship
224.0 199.0 220.0 195.0 232.0 179.0 237.0 182.0 ship
230.0 172.0 235.0 176.0 220.0 192.0 215.0 187.0 ship
215.0 188.0 211.0 184.0 223.0 171.0 227.0 175.0 ship
211.0 183.0 206.0 179.0 219.0 165.0 224.0 169.0 ship
205.0 179.0 201.0 174.0 215.0 159.0 220.0 164.0 ship
201.0 173.0 196.0 169.0 211.0 154.0 216.0 158.0 ship
197.0 167.0 192.0 163.0 204.0 149.0 210.0 154.0 ship
200.0 144.0 205.0 149.0 191.0 164.0 185.0 159.0 ship
238.0 107.0 243.0 112.0 228.0 125.0 225.0 120.0 ship
249.0 105.0 245.0 101.0 258.0 88.0 262.0 92.0 ship
253.0 108.0 249.0 104.0 263.0 92.0 266.0 96.0 ship
264.0 96.0 268.0 99.0 257.0 113.0 252.0 110.0 ship
260.0 117.0 257.0 114.0 265.0 105.0 269.0 110.0 ship
266.0 120.0 262.0 116.0 273.0 105.0 277.0 108.0 ship
278.0 133.0 274.0 129.0 286.0 117.0 290.0 121.0 ship
372.0 394.0 366.0 388.0 382.0 372.0 388.0 378.0 ship
253.0 122.0 257.0 126.0 243.0 140.0 239.0 136.0 ship
249.0 145.0 244.0 141.0 257.0 127.0 261.0 132.0 ship
262.0 132.0 267.0 137.0 253.0 151.0 248.0 146.0 ship
267.0 137.0 272.0 141.0 258.0 156.0 254.0 152.0 ship
271.0 143.0 275.0 147.0 263.0 161.0 259.0 157.0 ship
277.0 146.0 281.0 151.0 267.0 166.0 263.0 161.0 ship
282.0 138.0 278.0 135.0 289.0 123.0 293.0 127.0 ship
286.0 143.0 282.0 139.0 292.0 128.0 296.0 133.0 ship
270.0 173.0 265.0 168.0 282.0 151.0 287.0 156.0 ship
287.0 157.0 292.0 162.0 278.0 174.0 274.0 169.0 ship
292.0 162.0 296.0 167.0 281.0 179.0 278.0 175.0 ship
297.0 166.0 300.0 171.0 287.0 183.0 283.0 178.0 ship
293.0 189.0 288.0 183.0 302.0 171.0 306.0 176.0 ship
311.0 181.0 315.0 186.0 300.0 201.0 296.0 196.0 ship
229.0 204.0 225.0 200.0 239.0 186.0 243.0 190.0 ship
234.0 209.0 229.0 205.0 244.0 189.0 250.0 193.0 ship
245.0 198.0 249.0 201.0 240.0 211.0 236.0 208.0 ship
244.0 218.0 239.0 213.0 254.0 199.0 258.0 204.0 ship
405.0 351.0 409.0 355.0 395.0 371.0 390.0 367.0 ship
399.0 347.0 404.0 352.0 389.0 367.0 385.0 362.0 ship
394.0 342.0 399.0 347.0 385.0 362.0 380.0 358.0 ship
389.0 336.0 394.0 341.0 380.0 357.0 375.0 352.0 ship
386.0 330.0 391.0 334.0 375.0 351.0 370.0 346.0 ship
370.0 346.0 366.0 342.0 380.0 327.0 385.0 331.0 ship
375.0 322.0 380.0 326.0 367.0 340.0 362.0 336.0 ship
369.0 320.0 373.0 324.0 360.0 336.0 357.0 332.0 ship
363.0 315.0 368.0 320.0 357.0 332.0 352.0 327.0 ship
357.0 302.0 362.0 306.0 347.0 322.0 342.0 317.0 ship
341.0 318.0 337.0 313.0 350.0 299.0 355.0 304.0 ship
337.0 312.0 332.0 306.0 346.0 292.0 351.0 298.0 ship
342.0 288.0 346.0 293.0 331.0 308.0 326.0 303.0 ship
327.0 302.0 322.0 297.0 335.0 284.0 340.0 288.0 ship
322.0 297.0 318.0 292.0 331.0 277.0 336.0 282.0 ship
317.0 293.0 313.0 289.0 325.0 273.0 329.0 277.0 ship
321.0 270.0 325.0 274.0 312.0 288.0 307.0 283.0 ship
315.0 258.0 324.0 267.0 307.0 283.0 298.0 273.0 ship
300.0 269.0 297.0 266.0 308.0 255.0 311.0 259.0 ship
293.0 268.0 288.0 263.0 301.0 250.0 306.0 255.0 ship
297.0 242.0 302.0 247.0 288.0 262.0 283.0 258.0 ship
283.0 257.0 279.0 252.0 292.0 239.0 296.0 243.0 ship
287.0 233.0 292.0 238.0 278.0 253.0 273.0 248.0 ship
281.0 229.0 286.0 233.0 273.0 248.0 268.0 243.0 ship
268.0 243.0 265.0 238.0 280.0 224.0 283.0 228.0 ship
274.0 218.0 279.0 222.0 264.0 239.0 259.0 233.0 ship
266.0 217.0 270.0 222.0 260.0 232.0 255.0 228.0 ship
262.0 208.0 268.0 213.0 255.0 228.0 249.0 223.0 ship
259.0 203.0 263.0 207.0 249.0 222.0 245.0 218.0 ship
286.0 58.0 292.0 53.0 501.0 265.0 496.0 270.0 harbor
