428.0 348.0 734.0 504.0 670.0 649.0 358.0 494.0 ground-track-field
574.0 329.0 627.0 355.0 608.0 393.0 555.0 367.0 swimming-pool
174.0 245.0 194.0 254.0 176.0 295.0 156.0 286.0 tennis-court
173.0 181.0 181.0 184.0 172.0 202.0 164.0 199.0 swimming-pool
124.0 288.0 165.0 306.0 157.0 326.0 115.0 307.0 tennis-court
271.0 33.0 280.0 38.0 270.0 57.0 260.0 52.0 swimming-pool
141.0 245.0 153.0 245.0 152.0 267.0 141.0 266.0 swimming-pool
122.0 321.0 146.0 332.0 139.0 347.0 115.0 336.0 swimming-pool
105.0 343.0 127.0 352.0 123.0 360.0 102.0 351.0 swimming-pool
111.0 505.0 120.0 509.0 113.0 525.0 104.0 521.0 swimming-pool
7.0 545.0 28.0 554.0 22.0 565.0 2.0 556.0 swimming-pool
62.0 620.0 71.0 623.0 65.0 641.0 56.0 637.0 swimming-pool
501.0 169.0 520.0 180.0 499.0 220.0 481.0 210.0 tennis-court
470.0 155.0 489.0 164.0 469.0 204.0 450.0 195.0 tennis-court
439.0 139.0 459.0 149.0 439.0 189.0 419.0 179.0 tennis-court
409.0 124.0 428.0 134.0 408.0 174.0 389.0 164.0 tennis-court
378.0 109.0 397.0 119.0 378.0 159.0 359.0 149.0 tennis-court
348.0 94.0 367.0 104.0 347.0 145.0 328.0 134.0 tennis-court
319.0 175.0 390.0 211.0 358.0 283.0 282.0 249.0 baseball-diamond
197.0 412.0 233.0 345.0 300.0 381.0 264.0 452.0 baseball-diamond
326.0 397.0 373.0 422.0 349.0 468.0 301.0 445.0 tennis-court
248.0 74.0 267.0 83.0 249.0 123.0 229.0 115.0 tennis-court
