113.0 369.0 112.0 378.0 95.0 378.0 95.0 369.0 small-vehicle
516.0 272.0 474.0 273.0 474.0 245.0 516.0 245.0 plane
203.0 266.0 161.0 267.0 161.0 239.0 205.0 239.0 plane
253.0 269.0 214.0 268.0 217.0 238.0 256.0 241.0 plane
307.0 272.0 264.0 270.0 266.0 243.0 307.0 244.0 plane
355.0 269.0 315.0 270.0 315.0 242.0 355.0 241.0 plane
408.0 272.0 365.0 272.0 366.0 239.0 409.0 241.0 plane
459.0 273.0 418.0 272.0 422.0 243.0 461.0 245.0 plane
621.0 12.0 619.0 53.0 589.0 53.0 592.0 11.0 plane
124.0 333.0 124.0 343.0 95.0 342.0 96.0 334.0 small-vehicle
560.0 143.0 520.0 141.0 522.0 111.0 563.0 113.0 plane
508.0 139.0 471.0 138.0 472.0 112.0 509.0 114.0 plane
459.0 140.0 420.0 140.0 418.0 110.0 461.0 110.0 plane
404.0 139.0 370.0 138.0 372.0 111.0 407.0 113.0 plane
308.0 135.0 270.0 135.0 270.0 110.0 308.0 110.0 plane
205.0 131.0 179.0 133.0 176.0 112.0 204.0 110.0 plane
192.0 457.0 126.0 455.0 130.0 398.0 196.0 401.0 plane
209.0 404.0 247.0 405.0 247.0 448.0 207.0 446.0 plane
270.0 391.0 335.0 393.0 334.0 454.0 268.0 454.0 plane
292.0 582.0 344.0 585.0 343.0 641.0 288.0 640.0 plane
378.0 586.0 441.0 589.0 439.0 650.0 377.0 648.0 plane
231.0 832.0 315.0 833.0 311.0 915.0 233.0 916.0 plane
494.0 804.0 581.0 804.0 580.0 904.0 493.0 902.0 plane
115.0 287.0 115.0 296.0 96.0 295.0 96.0 287.0 small-vehicle
115.0 297.0 114.0 307.0 96.0 307.0 96.0 297.0 small-vehicle
33.0 359.0 42.0 359.0 41.0 377.0 32.0 378.0 small-vehicle
50.0 369.0 58.0 368.0 57.0 385.0 50.0 385.0 small-vehicle
62.0 366.0 70.0 365.0 69.0 383.0 62.0 383.0 small-vehicle
95.0 551.0 104.0 551.0 103.0 569.0 95.0 568.0 small-vehicle
130.0 192.0 130.0 205.0 91.0 205.0 92.0 192.0 large-vehicle
133.0 216.0 133.0 227.0 100.0 228.0 100.0 217.0 large-vehicle
122.0 239.0 122.0 249.0 98.0 250.0 99.0 240.0 large-vehicle
32.0 367.0 23.0 367.0 23.0 345.0 33.0 345.0 small-vehicle
160.0 133.0 120.0 134.0 119.0 107.0 161.0 108.0 plane
