280.0 822.0 288.0 825.0 283.0 845.0 276.0 842.0 bridge
323.0 351.0 331.0 353.0 326.0 370.0 316.0 368.0 bridge
326.0 989.0 331.0 989.0 331.0 995.0 326.0 995.0 storage-tank
320.0 989.0 325.0 989.0 325.0 994.0 320.0 994.0 storage-tank
315.0 987.0 320.0 987.0 320.0 993.0 315.0 993.0 storage-tank
309.0 987.0 314.0 987.0 314.0 992.0 309.0 992.0 storage-tank
491.0 568.0 496.0 568.0 496.0 573.0 491.0 573.0 storage-tank
497.0 565.0 500.0 565.0 500.0 569.0 497.0 569.0 storage-tank
443.0 627.0 448.0 627.0 448.0 632.0 443.0 632.0 storage-tank
447.0 622.0 454.0 622.0 454.0 628.0 447.0 628.0 storage-tank
453.0 619.0 458.0 619.0 458.0 625.0 453.0 625.0 storage-tank
458.0 615.0 463.0 615.0 463.0 620.0 458.0 620.0 storage-tank
463.0 610.0 470.0 610.0 470.0 616.0 463.0 616.0 storage-tank
471.0 605.0 477.0 605.0 477.0 610.0 471.0 610.0 storage-tank
477.0 600.0 483.0 600.0 483.0 605.0 477.0 605.0 storage-tank
479.0 554.0 486.0 554.0 486.0 560.0 479.0 560.0 storage-tank
473.0 546.0 479.0 546.0 479.0 553.0 473.0 553.0 storage-tank
331.0 990.0 337.0 990.0 337.0 997.0 331.0 997.0 storage-tank
337.0 992.0 341.0 992.0 341.0 997.0 337.0 997.0 storage-tank
342.0 993.0 348.0 993.0 348.0 998.0 342.0 998.0 storage-tank
312.0 1002.0 316.0 1002.0 316.0 1007.0 312.0 1007.0 storage-tank
599.0 938.0 607.0 938.0 607.0 947.0 599.0 947.0 storage-tank
339.0 1008.0 344.0 1008.0 344.0 1013.0 339.0 1013.0 storage-tank
334.0 1006.0 339.0 1006.0 339.0 1012.0 334.0 1012.0 storage-tank
328.0 1005.0 333.0 1005.0 333.0 1010.0 328.0 1010.0 storage-tank
323.0 1005.0 328.0 1005.0 328.0 1009.0 323.0 1009.0 storage-tank
318.0 1004.0 322.0 1004.0 322.0 1008.0 318.0 1008.0 storage-tank
306.0 1002.0 311.0 1002.0 311.0 1006.0 306.0 1006.0 storage-tank
307.0 994.0 313.0 994.0 313.0 999.0 307.0 999.0 storage-tank
341.0 1000.0 346.0 1000.0 346.0 1005.0 341.0 1005.0 storage-tank
336.0 999.0 340.0 999.0 340.0 1005.0 336.0 1005.0 storage-tank
330.0 997.0 335.0 997.0 335.0 1003.0 330.0 1003.0 storage-tank
325.0 997.0 329.0 997.0 329.0 1002.0 325.0 1002.0 storage-tank
319.0 996.0 324.0 996.0 324.0 1001.0 319.0 1001.0 storage-tank
313.0 995.0 318.0 995.0 318.0 1000.0 313.0 1000.0 storage-tank
399.0 552.0 405.0 552.0 405.0 557.0 399.0 557.0 storage-tank
391.0 550.0 397.0 550.0 397.0 556.0 391.0 556.0 storage-tank
394.0 541.0 400.0 541.0 400.0 548.0 394.0 548.0 storage-tank
31.0 1.0 48.0 1.0 1.0 73.0 1.0 47.0 bridge
396.0 535.0 402.0 535.0 402.0 541.0 396.0 541.0 storage-tank
162.0 871.0 168.0 871.0 168.0 878.0 162.0 878.0 storage-tank
409.0 539.0 418.0 539.0 418.0 549.0 409.0 549.0 storage-tank
475.0 425.0 483.0 425.0 483.0 433.0 475.0 433.0 storage-tank
194.0 875.0 204.0 875.0 204.0 885.0 194.0 885.0 storage-tank
181.0 873.0 190.0 873.0 190.0 883.0 181.0 883.0 storage-tank
171.0 873.0 177.0 873.0 177.0 879.0 171.0 879.0 storage-tank
164.0 902.0 176.0 902.0 176.0 914.0 164.0 914.0 storage-tank
147.0 900.0 159.0 900.0 159.0 912.0 147.0 912.0 storage-tank
131.0 896.0 142.0 896.0 142.0 909.0 131.0 909.0 storage-tank
114.0 894.0 126.0 894.0 126.0 907.0 114.0 907.0 storage-tank
596.0 948.0 605.0 948.0 605.0 957.0 596.0 957.0 storage-tank
594.0 959.0 603.0 959.0 603.0 967.0 594.0 967.0 storage-tank
662.0 914.0 669.0 914.0 669.0 922.0 662.0 922.0 storage-tank
229.0 874.0 241.0 874.0 241.0 887.0 229.0 887.0 storage-tank
540.0 204.0 538.0 210.0 507.0 201.0 509.0 195.0 ship
533.0 200.0 521.0 197.0 533.0 162.0 542.0 165.0 harbor
243.0 877.0 256.0 877.0 256.0 890.0 243.0 890.0 storage-tank
967.0 615.0 999.0 615.0 999.0 647.0 967.0 647.0 storage-tank
922.0 607.0 952.0 607.0 952.0 635.0 922.0 635.0 storage-tank
975.0 569.0 1007.0 569.0 1007.0 598.0 975.0 598.0 storage-tank
877.0 595.0 903.0 595.0 903.0 622.0 877.0 622.0 storage-tank
939.0 989.0 969.0 989.0 969.0 1020.0 939.0 1020.0 storage-tank
26.0 152.0 30.0 147.0 93.0 186.0 89.0 190.0 harbor
194.0 245.0 198.0 239.0 276.0 280.0 273.0 285.0 harbor
607.0 425.0 608.0 415.0 1023.0 490.0 1023.0 504.0 harbor
901.0 980.0 931.0 980.0 931.0 1012.0 901.0 1012.0 storage-tank
616.0 409.0 657.0 416.0 655.0 423.0 615.0 416.0 ship
737.0 432.0 734.0 438.0 699.0 431.0 700.0 424.0 ship
836.0 455.0 838.0 448.0 886.0 456.0 885.0 464.0 ship
930.0 559.0 961.0 559.0 961.0 591.0 930.0 591.0 storage-tank
842.0 590.0 867.0 590.0 867.0 617.0 842.0 617.0 storage-tank
672.0 916.0 679.0 916.0 679.0 924.0 672.0 924.0 storage-tank
701.0 954.0 727.0 954.0 727.0 980.0 701.0 980.0 storage-tank
848.0 972.0 873.0 972.0 873.0 997.0 848.0 997.0 storage-tank
815.0 966.0 841.0 966.0 841.0 990.0 815.0 990.0 storage-tank
783.0 958.0 808.0 958.0 808.0 985.0 783.0 985.0 storage-tank
726.0 993.0 752.0 993.0 752.0 1019.0 726.0 1019.0 storage-tank
693.0 987.0 720.0 987.0 720.0 1012.0 693.0 1012.0 storage-tank
733.0 961.0 759.0 961.0 759.0 987.0 733.0 987.0 storage-tank
646.0 980.0 671.0 980.0 671.0 1004.0 646.0 1004.0 storage-tank
807.0 998.0 833.0 998.0 833.0 1022.0 807.0 1022.0 storage-tank
610.0 972.0 636.0 972.0 636.0 997.0 610.0 997.0 storage-tank
654.0 943.0 679.0 943.0 679.0 969.0 654.0 969.0 storage-tank
619.0 936.0 643.0 936.0 643.0 961.0 619.0 961.0 storage-tank
730.0 908.0 743.0 908.0 743.0 923.0 730.0 923.0 storage-tank
715.0 905.0 728.0 905.0 728.0 919.0 715.0 919.0 storage-tank
682.0 919.0 689.0 919.0 689.0 926.0 682.0 926.0 storage-tank
775.0 991.0 801.0 991.0 801.0 1016.0 775.0 1016.0 storage-tank
840.0 1004.0 867.0 1004.0 867.0 1023.0 840.0 1023.0 storage-tank
882.0 561.0 911.0 561.0 911.0 588.0 882.0 588.0 storage-tank
761.0 533.0 790.0 533.0 790.0 561.0 761.0 561.0 storage-tank
849.0 556.0 876.0 556.0 876.0 583.0 849.0 583.0 storage-tank
890.0 527.0 916.0 527.0 916.0 554.0 890.0 554.0 storage-tank
858.0 528.0 879.0 528.0 879.0 546.0 858.0 546.0 storage-tank
792.0 579.0 823.0 579.0 823.0 611.0 792.0 611.0 storage-tank
752.0 573.0 783.0 573.0 783.0 602.0 752.0 602.0 storage-tank
800.0 541.0 830.0 541.0 830.0 570.0 800.0 570.0 storage-tank
808.0 501.0 838.0 501.0 838.0 529.0 808.0 529.0 storage-tank
658.0 555.0 687.0 555.0 687.0 584.0 658.0 584.0 storage-tank
767.0 492.0 798.0 492.0 798.0 523.0 767.0 523.0 storage-tank
714.0 483.0 741.0 483.0 741.0 511.0 714.0 511.0 storage-tank
673.0 476.0 703.0 476.0 703.0 504.0 673.0 504.0 storage-tank
705.0 522.0 736.0 522.0 736.0 552.0 705.0 552.0 storage-tank
666.0 515.0 695.0 515.0 695.0 545.0 666.0 545.0 storage-tank
698.0 561.0 727.0 561.0 727.0 591.0 698.0 591.0 storage-tank
