280.0 874.0 288.0 877.0 283.0 897.0 276.0 894.0 bridge
323.0 403.0 331.0 405.0 326.0 422.0 316.0 420.0 bridge
491.0 620.0 496.0 620.0 496.0 625.0 491.0 625.0 storage-tank
497.0 617.0 500.0 617.0 500.0 621.0 497.0 621.0 storage-tank
443.0 679.0 448.0 679.0 448.0 684.0 443.0 684.0 storage-tank
447.0 674.0 454.0 674.0 454.0 680.0 447.0 680.0 storage-tank
453.0 671.0 458.0 671.0 458.0 677.0 453.0 677.0 storage-tank
458.0 667.0 463.0 667.0 463.0 672.0 458.0 672.0 storage-tank
463.0 662.0 470.0 662.0 470.0 668.0 463.0 668.0 storage-tank
471.0 657.0 477.0 657.0 477.0 662.0 471.0 662.0 storage-tank
477.0 652.0 483.0 652.0 483.0 657.0 477.0 657.0 storage-tank
479.0 606.0 486.0 606.0 486.0 612.0 479.0 612.0 storage-tank
473.0 598.0 479.0 598.0 479.0 605.0 473.0 605.0 storage-tank
599.0 990.0 607.0 990.0 607.0 999.0 599.0 999.0 storage-tank
399.0 604.0 405.0 604.0 405.0 609.0 399.0 609.0 storage-tank
391.0 602.0 397.0 602.0 397.0 608.0 391.0 608.0 storage-tank
394.0 593.0 400.0 593.0 400.0 600.0 394.0 600.0 storage-tank
66.0 1.0 83.0 1.0 1.0 125.0 1.0 99.0 bridge
396.0 587.0 402.0 587.0 402.0 593.0 396.0 593.0 storage-tank
162.0 923.0 168.0 923.0 168.0 930.0 162.0 930.0 storage-tank
409.0 591.0 418.0 591.0 418.0 601.0 409.0 601.0 storage-tank
475.0 477.0 483.0 477.0 483.0 485.0 475.0 485.0 storage-tank
194.0 927.0 204.0 927.0 204.0 937.0 194.0 937.0 storage-tank
181.0 925.0 190.0 925.0 190.0 935.0 181.0 935.0 storage-tank
171.0 925.0 177.0 925.0 177.0 931.0 171.0 931.0 storage-tank
164.0 954.0 176.0 954.0 176.0 966.0 164.0 966.0 storage-tank
147.0 952.0 159.0 952.0 159.0 964.0 147.0 964.0 storage-tank
131.0 948.0 142.0 948.0 142.0 961.0 131.0 961.0 storage-tank
114.0 946.0 126.0 946.0 126.0 959.0 114.0 959.0 storage-tank
596.0 1000.0 605.0 1000.0 605.0 1009.0 596.0 1009.0 storage-tank
594.0 1011.0 603.0 1011.0 603.0 1019.0 594.0 1019.0 storage-tank
662.0 966.0 669.0 966.0 669.0 974.0 662.0 974.0 storage-tank
229.0 926.0 241.0 926.0 241.0 939.0 229.0 939.0 storage-tank
540.0 256.0 538.0 262.0 507.0 253.0 509.0 247.0 ship
533.0 252.0 521.0 249.0 533.0 214.0 542.0 217.0 harbor
243.0 929.0 256.0 929.0 256.0 942.0 243.0 942.0 storage-tank
967.0 667.0 999.0 667.0 999.0 699.0 967.0 699.0 storage-tank
922.0 659.0 952.0 659.0 952.0 687.0 922.0 687.0 storage-tank
975.0 621.0 1007.0 621.0 1007.0 650.0 975.0 650.0 storage-tank
877.0 647.0 903.0 647.0 903.0 674.0 877.0 674.0 storage-tank
26.0 204.0 30.0 199.0 93.0 238.0 89.0 242.0 harbor
194.0 297.0 198.0 291.0 276.0 332.0 273.0 337.0 harbor
607.0 477.0 608.0 467.0 1023.0 542.0 1023.0 556.0 harbor
616.0 461.0 657.0 468.0 655.0 475.0 615.0 468.0 ship
737.0 484.0 734.0 490.0 699.0 483.0 700.0 476.0 ship
836.0 507.0 838.0 500.0 886.0 508.0 885.0 516.0 ship
930.0 611.0 961.0 611.0 961.0 643.0 930.0 643.0 storage-tank
842.0 642.0 867.0 642.0 867.0 669.0 842.0 669.0 storage-tank
672.0 968.0 679.0 968.0 679.0 976.0 672.0 976.0 storage-tank
701.0 1006.0 727.0 1006.0 727.0 1024.0 701.0 1024.0 storage-tank
815.0 1018.0 841.0 1018.0 841.0 1024.0 815.0 1024.0 storage-tank
783.0 1010.0 808.0 1010.0 808.0 1024.0 783.0 1024.0 storage-tank
733.0 1013.0 759.0 1013.0 759.0 1024.0 733.0 1024.0 storage-tank
654.0 995.0 679.0 995.0 679.0 1021.0 654.0 1021.0 storage-tank
619.0 988.0 643.0 988.0 643.0 1013.0 619.0 1013.0 storage-tank
730.0 960.0 743.0 960.0 743.0 975.0 730.0 975.0 storage-tank
715.0 957.0 728.0 957.0 728.0 971.0 715.0 971.0 storage-tank
682.0 971.0 689.0 971.0 689.0 978.0 682.0 978.0 storage-tank
882.0 613.0 911.0 613.0 911.0 640.0 882.0 640.0 storage-tank
761.0 585.0 790.0 585.0 790.0 613.0 761.0 613.0 storage-tank
849.0 608.0 876.0 608.0 876.0 635.0 849.0 635.0 storage-tank
890.0 579.0 916.0 579.0 916.0 606.0 890.0 606.0 storage-tank
858.0 580.0 879.0 580.0 879.0 598.0 858.0 598.0 storage-tank
792.0 631.0 823.0 631.0 823.0 663.0 792.0 663.0 storage-tank
752.0 625.0 783.0 625.0 783.0 654.0 752.0 654.0 storage-tank
800.0 593.0 830.0 593.0 830.0 622.0 800.0 622.0 storage-tank
808.0 553.0 838.0 553.0 838.0 581.0 808.0 581.0 storage-tank
658.0 607.0 687.0 607.0 687.0 636.0 658.0 636.0 storage-tank
767.0 544.0 798.0 544.0 798.0 575.0 767.0 575.0 storage-tank
714.0 535.0 741.0 535.0 741.0 563.0 714.0 563.0 storage-tank
673.0 528.0 703.0 528.0 703.0 556.0 673.0 556.0 storage-tank
705.0 574.0 736.0 574.0 736.0 604.0 705.0 604.0 storage-tank
666.0 567.0 695.0 567.0 695.0 597.0 666.0 597.0 storage-tank
698.0 613.0 727.0 613.0 727.0 643.0 698.0 643.0 storage-tank
