332.0 822.0 340.0 825.0 335.0 845.0 328.0 842.0 bridge
375.0 351.0 383.0 353.0 378.0 370.0 368.0 368.0 bridge
378.0 989.0 383.0 989.0 383.0 995.0 378.0 995.0 storage-tank
372.0 989.0 377.0 989.0 377.0 994.0 372.0 994.0 storage-tank
367.0 987.0 372.0 987.0 372.0 993.0 367.0 993.0 storage-tank
361.0 987.0 366.0 987.0 366.0 992.0 361.0 992.0 storage-tank
543.0 568.0 548.0 568.0 548.0 573.0 543.0 573.0 storage-tank
549.0 565.0 552.0 565.0 552.0 569.0 549.0 569.0 storage-tank
495.0 627.0 500.0 627.0 500.0 632.0 495.0 632.0 storage-tank
499.0 622.0 506.0 622.0 506.0 628.0 499.0 628.0 storage-tank
505.0 619.0 510.0 619.0 510.0 625.0 505.0 625.0 storage-tank
510.0 615.0 515.0 615.0 515.0 620.0 510.0 620.0 storage-tank
515.0 610.0 522.0 610.0 522.0 616.0 515.0 616.0 storage-tank
523.0 605.0 529.0 605.0 529.0 610.0 523.0 610.0 storage-tank
529.0 600.0 535.0 600.0 535.0 605.0 529.0 605.0 storage-tank
531.0 554.0 538.0 554.0 538.0 560.0 531.0 560.0 storage-tank
525.0 546.0 531.0 546.0 531.0 553.0 525.0 553.0 storage-tank
383.0 990.0 389.0 990.0 389.0 997.0 383.0 997.0 storage-tank
389.0 992.0 393.0 992.0 393.0 997.0 389.0 997.0 storage-tank
394.0 993.0 400.0 993.0 400.0 998.0 394.0 998.0 storage-tank
364.0 1002.0 368.0 1002.0 368.0 1007.0 364.0 1007.0 storage-tank
651.0 938.0 659.0 938.0 659.0 947.0 651.0 947.0 storage-tank
391.0 1008.0 396.0 1008.0 396.0 1013.0 391.0 1013.0 storage-tank
386.0 1006.0 391.0 1006.0 391.0 1012.0 386.0 1012.0 storage-tank
380.0 1005.0 385.0 1005.0 385.0 1010.0 380.0 1010.0 storage-tank
375.0 1005.0 380.0 1005.0 380.0 1009.0 375.0 1009.0 storage-tank
370.0 1004.0 374.0 1004.0 374.0 1008.0 370.0 1008.0 storage-tank
358.0 1002.0 363.0 1002.0 363.0 1006.0 358.0 1006.0 storage-tank
359.0 994.0 365.0 994.0 365.0 999.0 359.0 999.0 storage-tank
393.0 1000.0 398.0 1000.0 398.0 1005.0 393.0 1005.0 storage-tank
388.0 999.0 392.0 999.0 392.0 1005.0 388.0 1005.0 storage-tank
382.0 997.0 387.0 997.0 387.0 1003.0 382.0 1003.0 storage-tank
377.0 997.0 381.0 997.0 381.0 1002.0 377.0 1002.0 storage-tank
371.0 996.0 376.0 996.0 376.0 1001.0 371.0 1001.0 storage-tank
365.0 995.0 370.0 995.0 370.0 1000.0 365.0 1000.0 storage-tank
451.0 552.0 457.0 552.0 457.0 557.0 451.0 557.0 storage-tank
443.0 550.0 449.0 550.0 449.0 556.0 443.0 556.0 storage-tank
446.0 541.0 452.0 541.0 452.0 548.0 446.0 548.0 storage-tank
83.0 1.0 100.0 1.0 3.0 138.0 1.0 125.0 bridge
448.0 535.0 454.0 535.0 454.0 541.0 448.0 541.0 storage-tank
214.0 871.0 220.0 871.0 220.0 878.0 214.0 878.0 storage-tank
461.0 539.0 470.0 539.0 470.0 549.0 461.0 549.0 storage-tank
527.0 425.0 535.0 425.0 535.0 433.0 527.0 433.0 storage-tank
246.0 875.0 256.0 875.0 256.0 885.0 246.0 885.0 storage-tank
233.0 873.0 242.0 873.0 242.0 883.0 233.0 883.0 storage-tank
223.0 873.0 229.0 873.0 229.0 879.0 223.0 879.0 storage-tank
216.0 902.0 228.0 902.0 228.0 914.0 216.0 914.0 storage-tank
199.0 900.0 211.0 900.0 211.0 912.0 199.0 912.0 storage-tank
183.0 896.0 194.0 896.0 194.0 909.0 183.0 909.0 storage-tank
166.0 894.0 178.0 894.0 178.0 907.0 166.0 907.0 storage-tank
648.0 948.0 657.0 948.0 657.0 957.0 648.0 957.0 storage-tank
646.0 959.0 655.0 959.0 655.0 967.0 646.0 967.0 storage-tank
714.0 914.0 721.0 914.0 721.0 922.0 714.0 922.0 storage-tank
281.0 874.0 293.0 874.0 293.0 887.0 281.0 887.0 storage-tank
592.0 204.0 590.0 210.0 559.0 201.0 561.0 195.0 ship
585.0 200.0 573.0 197.0 585.0 162.0 594.0 165.0 harbor
295.0 877.0 308.0 877.0 308.0 890.0 295.0 890.0 storage-tank
1019.0 615.0 1024.0 615.0 1024.0 647.0 1019.0 647.0 storage-tank
974.0 607.0 1004.0 607.0 1004.0 635.0 974.0 635.0 storage-tank
929.0 595.0 955.0 595.0 955.0 622.0 929.0 622.0 storage-tank
991.0 989.0 1021.0 989.0 1021.0 1020.0 991.0 1020.0 storage-tank
78.0 152.0 82.0 147.0 145.0 186.0 141.0 190.0 harbor
246.0 245.0 250.0 239.0 328.0 280.0 325.0 285.0 harbor
659.0 425.0 660.0 415.0 1024.0 481.0 1024.0 494.0 harbor
953.0 980.0 983.0 980.0 983.0 1012.0 953.0 1012.0 storage-tank
668.0 409.0 709.0 416.0 707.0 423.0 667.0 416.0 ship
789.0 432.0 786.0 438.0 751.0 431.0 752.0 424.0 ship
888.0 455.0 890.0 448.0 938.0 456.0 937.0 464.0 ship
982.0 559.0 1013.0 559.0 1013.0 591.0 982.0 591.0 storage-tank
894.0 590.0 919.0 590.0 919.0 617.0 894.0 617.0 storage-tank
724.0 916.0 731.0 916.0 731.0 924.0 724.0 924.0 storage-tank
753.0 954.0 779.0 954.0 779.0 980.0 753.0 980.0 storage-tank
900.0 972.0 925.0 972.0 925.0 997.0 900.0 997.0 storage-tank
867.0 966.0 893.0 966.0 893.0 990.0 867.0 990.0 storage-tank
835.0 958.0 860.0 958.0 860.0 985.0 835.0 985.0 storage-tank
778.0 993.0 804.0 993.0 804.0 1019.0 778.0 1019.0 storage-tank
745.0 987.0 772.0 987.0 772.0 1012.0 745.0 1012.0 storage-tank
785.0 961.0 811.0 961.0 811.0 987.0 785.0 987.0 storage-tank
698.0 980.0 723.0 980.0 723.0 1004.0 698.0 1004.0 storage-tank
859.0 998.0 885.0 998.0 885.0 1022.0 859.0 1022.0 storage-tank
662.0 972.0 688.0 972.0 688.0 997.0 662.0 997.0 storage-tank
706.0 943.0 731.0 943.0 731.0 969.0 706.0 969.0 storage-tank
671.0 936.0 695.0 936.0 695.0 961.0 671.0 961.0 storage-tank
782.0 908.0 795.0 908.0 795.0 923.0 782.0 923.0 storage-tank
767.0 905.0 780.0 905.0 780.0 919.0 767.0 919.0 storage-tank
734.0 919.0 741.0 919.0 741.0 926.0 734.0 926.0 storage-tank
827.0 991.0 853.0 991.0 853.0 1016.0 827.0 1016.0 storage-tank
892.0 1004.0 919.0 1004.0 919.0 1023.0 892.0 1023.0 storage-tank
934.0 561.0 963.0 561.0 963.0 588.0 934.0 588.0 storage-tank
813.0 533.0 842.0 533.0 842.0 561.0 813.0 561.0 storage-tank
901.0 556.0 928.0 556.0 928.0 583.0 901.0 583.0 storage-tank
942.0 527.0 968.0 527.0 968.0 554.0 942.0 554.0 storage-tank
910.0 528.0 931.0 528.0 931.0 546.0 910.0 546.0 storage-tank
844.0 579.0 875.0 579.0 875.0 611.0 844.0 611.0 storage-tank
804.0 573.0 835.0 573.0 835.0 602.0 804.0 602.0 storage-tank
852.0 541.0 882.0 541.0 882.0 570.0 852.0 570.0 storage-tank
860.0 501.0 890.0 501.0 890.0 529.0 860.0 529.0 storage-tank
710.0 555.0 739.0 555.0 739.0 584.0 710.0 584.0 storage-tank
819.0 492.0 850.0 492.0 850.0 523.0 819.0 523.0 storage-tank
766.0 483.0 793.0 483.0 793.0 511.0 766.0 511.0 storage-tank
725.0 476.0 755.0 476.0 755.0 504.0 725.0 504.0 storage-tank
757.0 522.0 788.0 522.0 788.0 552.0 757.0 552.0 storage-tank
718.0 515.0 747.0 515.0 747.0 545.0 718.0 545.0 storage-tank
750.0 561.0 779.0 561.0 779.0 591.0 750.0 591.0 storage-tank
