127.0 911.0 138.0 920.0 68.0 1024.0 51.0 1024.0 bridge
408.0 187.0 401.0 199.0 343.0 163.0 349.0 152.0 ship
754.0 256.0 748.0 261.0 725.0 244.0 729.0 237.0 ship
795.0 198.0 791.0 206.0 768.0 193.0 771.0 187.0 ship
740.0 214.0 737.0 219.0 707.0 201.0 710.0 195.0 ship
122.0 24.0 130.0 12.0 206.0 59.0 196.0 72.0 ship
999.0 279.0 992.0 283.0 973.0 255.0 981.0 250.0 ship
341.0 139.0 332.0 156.0 236.0 96.0 247.0 80.0 ship
898.0 256.0 893.0 261.0 868.0 240.0 872.0 235.0 ship
815.0 279.0 812.0 284.0 790.0 274.0 793.0 268.0 ship
850.0 296.0 849.0 299.0 826.0 287.0 828.0 282.0 ship
990.0 417.0 985.0 424.0 946.0 400.0 950.0 393.0 ship
843.0 298.0 840.0 300.0 827.0 293.0 830.0 291.0 ship
