332.0 874.0 340.0 877.0 335.0 897.0 328.0 894.0 bridge
375.0 403.0 383.0 405.0 378.0 422.0 368.0 420.0 bridge
543.0 620.0 548.0 620.0 548.0 625.0 543.0 625.0 storage-tank
549.0 617.0 552.0 617.0 552.0 621.0 549.0 621.0 storage-tank
495.0 679.0 500.0 679.0 500.0 684.0 495.0 684.0 storage-tank
499.0 674.0 506.0 674.0 506.0 680.0 499.0 680.0 storage-tank
505.0 671.0 510.0 671.0 510.0 677.0 505.0 677.0 storage-tank
510.0 667.0 515.0 667.0 515.0 672.0 510.0 672.0 storage-tank
515.0 662.0 522.0 662.0 522.0 668.0 515.0 668.0 storage-tank
523.0 657.0 529.0 657.0 529.0 662.0 523.0 662.0 storage-tank
529.0 652.0 535.0 652.0 535.0 657.0 529.0 657.0 storage-tank
531.0 606.0 538.0 606.0 538.0 612.0 531.0 612.0 storage-tank
525.0 598.0 531.0 598.0 531.0 605.0 525.0 605.0 storage-tank
651.0 990.0 659.0 990.0 659.0 999.0 651.0 999.0 storage-tank
451.0 604.0 457.0 604.0 457.0 609.0 451.0 609.0 storage-tank
443.0 602.0 449.0 602.0 449.0 608.0 443.0 608.0 storage-tank
446.0 593.0 452.0 593.0 452.0 600.0 446.0 600.0 storage-tank
118.0 1.0 135.0 1.0 3.0 190.0 1.0 177.0 bridge
448.0 587.0 454.0 587.0 454.0 593.0 448.0 593.0 storage-tank
214.0 923.0 220.0 923.0 220.0 930.0 214.0 930.0 storage-tank
461.0 591.0 470.0 591.0 470.0 601.0 461.0 601.0 storage-tank
527.0 477.0 535.0 477.0 535.0 485.0 527.0 485.0 storage-tank
246.0 927.0 256.0 927.0 256.0 937.0 246.0 937.0 storage-tank
233.0 925.0 242.0 925.0 242.0 935.0 233.0 935.0 storage-tank
223.0 925.0 229.0 925.0 229.0 931.0 223.0 931.0 storage-tank
216.0 954.0 228.0 954.0 228.0 966.0 216.0 966.0 storage-tank
199.0 952.0 211.0 952.0 211.0 964.0 199.0 964.0 storage-tank
183.0 948.0 194.0 948.0 194.0 961.0 183.0 961.0 storage-tank
166.0 946.0 178.0 946.0 178.0 959.0 166.0 959.0 storage-tank
648.0 1000.0 657.0 1000.0 657.0 1009.0 648.0 1009.0 storage-tank
646.0 1011.0 655.0 1011.0 655.0 1019.0 646.0 1019.0 storage-tank
714.0 966.0 721.0 966.0 721.0 974.0 714.0 974.0 storage-tank
281.0 926.0 293.0 926.0 293.0 939.0 281.0 939.0 storage-tank
592.0 256.0 590.0 262.0 559.0 253.0 561.0 247.0 ship
585.0 252.0 573.0 249.0 585.0 214.0 594.0 217.0 harbor
295.0 929.0 308.0 929.0 308.0 942.0 295.0 942.0 storage-tank
1019.0 667.0 1024.0 667.0 1024.0 699.0 1019.0 699.0 storage-tank
974.0 659.0 1004.0 659.0 1004.0 687.0 974.0 687.0 storage-tank
929.0 647.0 955.0 647.0 955.0 674.0 929.0 674.0 storage-tank
78.0 204.0 82.0 199.0 145.0 238.0 141.0 242.0 harbor
246.0 297.0 250.0 291.0 328.0 332.0 325.0 337.0 harbor
659.0 477.0 660.0 467.0 1024.0 533.0 1024.0 546.0 harbor
668.0 461.0 709.0 468.0 707.0 475.0 667.0 468.0 ship
789.0 484.0 786.0 490.0 751.0 483.0 752.0 476.0 ship
888.0 507.0 890.0 500.0 938.0 508.0 937.0 516.0 ship
982.0 611.0 1013.0 611.0 1013.0 643.0 982.0 643.0 storage-tank
894.0 642.0 919.0 642.0 919.0 669.0 894.0 669.0 storage-tank
724.0 968.0 731.0 968.0 731.0 976.0 724.0 976.0 storage-tank
753.0 1006.0 779.0 1006.0 779.0 1024.0 753.0 1024.0 storage-tank
867.0 1018.0 893.0 1018.0 893.0 1024.0 867.0 1024.0 storage-tank
835.0 1010.0 860.0 1010.0 860.0 1024.0 835.0 1024.0 storage-tank
785.0 1013.0 811.0 1013.0 811.0 1024.0 785.0 1024.0 storage-tank
706.0 995.0 731.0 995.0 731.0 1021.0 706.0 1021.0 storage-tank
671.0 988.0 695.0 988.0 695.0 1013.0 671.0 1013.0 storage-tank
782.0 960.0 795.0 960.0 795.0 975.0 782.0 975.0 storage-tank
767.0 957.0 780.0 957.0 780.0 971.0 767.0 971.0 storage-tank
734.0 971.0 741.0 971.0 741.0 978.0 734.0 978.0 storage-tank
934.0 613.0 963.0 613.0 963.0 640.0 934.0 640.0 storage-tank
813.0 585.0 842.0 585.0 842.0 613.0 813.0 613.0 storage-tank
901.0 608.0 928.0 608.0 928.0 635.0 901.0 635.0 storage-tank
942.0 579.0 968.0 579.0 968.0 606.0 942.0 606.0 storage-tank
910.0 580.0 931.0 580.0 931.0 598.0 910.0 598.0 storage-tank
844.0 631.0 875.0 631.0 875.0 663.0 844.0 663.0 storage-tank
804.0 625.0 835.0 625.0 835.0 654.0 804.0 654.0 storage-tank
852.0 593.0 882.0 593.0 882.0 622.0 852.0 622.0 storage-tank
860.0 553.0 890.0 553.0 890.0 581.0 860.0 581.0 storage-tank
710.0 607.0 739.0 607.0 739.0 636.0 710.0 636.0 storage-tank
819.0 544.0 850.0 544.0 850.0 575.0 819.0 575.0 storage-tank
766.0 535.0 793.0 535.0 793.0 563.0 766.0 563.0 storage-tank
725.0 528.0 755.0 528.0 755.0 556.0 725.0 556.0 storage-tank
757.0 574.0 788.0 574.0 788.0 604.0 757.0 604.0 storage-tank
718.0 567.0 747.0 567.0 747.0 597.0 718.0 597.0 storage-tank
750.0 613.0 779.0 613.0 779.0 643.0 750.0 643.0 storage-tank
