75.0 911.0 86.0 920.0 16.0 1024.0 1.0 1023.0 bridge
356.0 187.0 349.0 199.0 291.0 163.0 297.0 152.0 ship
702.0 256.0 696.0 261.0 673.0 244.0 677.0 237.0 ship
743.0 198.0 739.0 206.0 716.0 193.0 719.0 187.0 ship
688.0 214.0 685.0 219.0 655.0 201.0 658.0 195.0 ship
70.0 24.0 78.0 12.0 154.0 59.0 144.0 72.0 ship
947.0 279.0 940.0 283.0 921.0 255.0 929.0 250.0 ship
289.0 139.0 280.0 156.0 184.0 96.0 195.0 80.0 ship
846.0 256.0 841.0 261.0 816.0 240.0 820.0 235.0 ship
763.0 279.0 760.0 284.0 738.0 274.0 741.0 268.0 ship
798.0 296.0 797.0 299.0 774.0 287.0 776.0 282.0 ship
1023.0 384.0 1022.0 390.0 987.0 366.0 990.0 360.0 ship
938.0 417.0 933.0 424.0 894.0 400.0 898.0 393.0 ship
791.0 298.0 788.0 300.0 775.0 293.0 778.0 291.0 ship
