670.0 765.0 680.0 765.0 680.0 776.0 670.0 776.0 storage-tank
895.0 992.0 901.0 992.0 901.0 999.0 895.0 999.0 storage-tank
1024.0 27.0 1024.0 53.0 931.0 192.0 919.0 184.0 bridge
688.0 773.0 698.0 773.0 698.0 784.0 688.0 784.0 storage-tank
651.0 757.0 663.0 757.0 663.0 768.0 651.0 768.0 storage-tank
885.0 988.0 893.0 988.0 893.0 994.0 885.0 994.0 storage-tank
655.0 742.0 661.0 742.0 661.0 748.0 655.0 748.0 storage-tank
644.0 732.0 652.0 732.0 652.0 741.0 644.0 741.0 storage-tank
635.0 749.0 644.0 749.0 644.0 759.0 635.0 759.0 storage-tank
641.0 793.0 661.0 793.0 661.0 813.0 641.0 813.0 storage-tank
616.0 782.0 636.0 782.0 636.0 802.0 616.0 802.0 storage-tank
893.0 1001.0 900.0 1001.0 900.0 1007.0 893.0 1007.0 storage-tank
884.0 995.0 891.0 995.0 891.0 1002.0 884.0 1002.0 storage-tank
877.0 994.0 883.0 994.0 883.0 1000.0 877.0 1000.0 storage-tank
886.0 1022.0 894.0 1022.0 894.0 1024.0 886.0 1024.0 storage-tank
769.0 101.0 788.0 96.0 804.0 108.0 785.0 114.0 bridge
896.0 275.0 916.0 290.0 902.0 312.0 881.0 298.0 bridge
19.0 204.0 42.0 196.0 39.0 215.0 19.0 221.0 bridge
1002.0 204.0 1006.0 199.0 1024.0 210.0 1024.0 217.0 harbor
