337.0 187.0 341.0 187.0 342.0 197.0 337.0 197.0 small-vehicle
341.0 175.0 347.0 175.0 347.0 185.0 342.0 185.0 small-vehicle
232.0 185.0 227.0 186.0 225.0 162.0 230.0 161.0 large-vehicle
225.0 187.0 220.0 187.0 218.0 163.0 222.0 163.0 large-vehicle
219.0 186.0 214.0 187.0 211.0 163.0 216.0 163.0 large-vehicle
213.0 188.0 207.0 189.0 204.0 165.0 209.0 164.0 large-vehicle
205.0 188.0 200.0 189.0 197.0 166.0 202.0 165.0 large-vehicle
199.0 188.0 194.0 189.0 191.0 165.0 196.0 165.0 large-vehicle
192.0 191.0 187.0 191.0 184.0 167.0 188.0 166.0 large-vehicle
185.0 191.0 180.0 191.0 177.0 168.0 182.0 167.0 large-vehicle
177.0 192.0 172.0 191.0 170.0 168.0 176.0 168.0 large-vehicle
164.0 193.0 159.0 194.0 156.0 171.0 161.0 170.0 large-vehicle
158.0 194.0 153.0 196.0 150.0 172.0 154.0 171.0 large-vehicle
151.0 195.0 146.0 196.0 143.0 171.0 148.0 171.0 large-vehicle
144.0 197.0 139.0 197.0 136.0 173.0 140.0 172.0 large-vehicle
265.0 106.0 260.0 107.0 259.0 90.0 264.0 89.0 large-vehicle
258.0 106.0 253.0 107.0 251.0 87.0 256.0 86.0 large-vehicle
252.0 108.0 247.0 108.0 245.0 88.0 249.0 87.0 large-vehicle
245.0 108.0 240.0 108.0 237.0 88.0 242.0 87.0 large-vehicle
240.0 122.0 235.0 123.0 233.0 102.0 237.0 101.0 large-vehicle
233.0 124.0 228.0 124.0 226.0 103.0 231.0 102.0 large-vehicle
227.0 124.0 222.0 124.0 220.0 104.0 225.0 103.0 large-vehicle
220.0 125.0 215.0 125.0 213.0 104.0 218.0 104.0 large-vehicle
209.0 126.0 204.0 127.0 201.0 106.0 205.0 105.0 large-vehicle
191.0 129.0 186.0 130.0 183.0 109.0 188.0 109.0 large-vehicle
184.0 130.0 179.0 130.0 176.0 109.0 181.0 108.0 large-vehicle
178.0 129.0 173.0 130.0 169.0 110.0 174.0 109.0 large-vehicle
171.0 131.0 167.0 132.0 163.0 111.0 167.0 110.0 large-vehicle
159.0 133.0 155.0 134.0 152.0 112.0 157.0 111.0 large-vehicle
153.0 134.0 148.0 134.0 146.0 113.0 150.0 113.0 large-vehicle
147.0 130.0 142.0 132.0 138.0 110.0 143.0 110.0 large-vehicle
240.0 184.0 234.0 185.0 231.0 160.0 236.0 160.0 large-vehicle
246.0 183.0 241.0 184.0 238.0 160.0 243.0 159.0 large-vehicle
253.0 182.0 249.0 184.0 244.0 160.0 249.0 159.0 large-vehicle
228.0 221.0 234.0 221.0 235.0 242.0 230.0 243.0 large-vehicle
340.0 184.0 336.0 184.0 335.0 175.0 340.0 175.0 small-vehicle
327.0 187.0 332.0 187.0 332.0 197.0 327.0 198.0 small-vehicle
348.0 140.0 353.0 140.0 353.0 150.0 349.0 150.0 small-vehicle
343.0 140.0 348.0 140.0 349.0 149.0 344.0 149.0 small-vehicle
338.0 141.0 343.0 141.0 344.0 151.0 339.0 151.0 small-vehicle
333.0 143.0 338.0 142.0 338.0 151.0 334.0 152.0 small-vehicle
328.0 143.0 333.0 143.0 333.0 153.0 328.0 153.0 small-vehicle
348.0 131.0 352.0 130.0 353.0 140.0 349.0 140.0 small-vehicle
343.0 130.0 347.0 129.0 347.0 139.0 343.0 139.0 small-vehicle
332.0 131.0 337.0 130.0 338.0 140.0 333.0 140.0 small-vehicle
328.0 131.0 332.0 131.0 333.0 142.0 328.0 142.0 small-vehicle
322.0 133.0 327.0 133.0 327.0 142.0 323.0 142.0 small-vehicle
234.0 221.0 239.0 220.0 242.0 242.0 237.0 242.0 large-vehicle
221.0 222.0 227.0 222.0 229.0 243.0 224.0 244.0 large-vehicle
260.0 181.0 255.0 182.0 251.0 158.0 256.0 157.0 large-vehicle
215.0 223.0 220.0 222.0 223.0 244.0 218.0 245.0 large-vehicle
209.0 225.0 215.0 225.0 218.0 247.0 212.0 248.0 large-vehicle
203.0 225.0 208.0 225.0 210.0 247.0 205.0 247.0 large-vehicle
197.0 227.0 201.0 226.0 204.0 248.0 200.0 248.0 large-vehicle
190.0 227.0 196.0 227.0 198.0 248.0 193.0 249.0 large-vehicle
184.0 226.0 189.0 226.0 191.0 248.0 186.0 248.0 large-vehicle
177.0 227.0 182.0 227.0 185.0 248.0 180.0 249.0 large-vehicle
171.0 227.0 177.0 227.0 179.0 249.0 173.0 249.0 large-vehicle
158.0 229.0 163.0 228.0 167.0 249.0 162.0 251.0 large-vehicle
152.0 231.0 157.0 230.0 160.0 252.0 155.0 253.0 large-vehicle
146.0 231.0 151.0 231.0 154.0 252.0 149.0 253.0 large-vehicle
140.0 233.0 145.0 232.0 148.0 254.0 143.0 254.0 large-vehicle
100.0 224.0 105.0 225.0 105.0 246.0 100.0 246.0 large-vehicle
98.0 100.0 103.0 100.0 104.0 121.0 99.0 121.0 large-vehicle
