9.0 661.0 18.0 661.0 18.0 681.0 10.0 681.0 small-vehicle
543.0 260.0 866.0 275.0 844.0 743.0 523.0 727.0 soccer-ball-field
528.0 124.0 910.0 150.0 860.0 896.0 490.0 874.0 ground-track-field
1.0 761.0 28.0 762.0 20.0 870.0 1.0 868.0 tennis-court
114.0 680.0 164.0 683.0 159.0 791.0 107.0 787.0 tennis-court
189.0 684.0 241.0 687.0 234.0 795.0 183.0 792.0 tennis-court
84.0 836.0 190.0 843.0 187.0 893.0 80.0 886.0 tennis-court
386.0 52.0 385.0 59.0 368.0 57.0 368.0 49.0 small-vehicle
408.0 51.0 407.0 58.0 391.0 58.0 391.0 50.0 small-vehicle
433.0 50.0 432.0 59.0 416.0 58.0 415.0 49.0 small-vehicle
536.0 50.0 536.0 59.0 517.0 58.0 516.0 49.0 small-vehicle
565.0 49.0 565.0 58.0 544.0 58.0 544.0 48.0 small-vehicle
568.0 58.0 568.0 50.0 586.0 50.0 587.0 58.0 small-vehicle
644.0 50.0 644.0 58.0 624.0 58.0 624.0 49.0 small-vehicle
621.0 48.0 621.0 59.0 600.0 60.0 600.0 50.0 small-vehicle
780.0 29.0 778.0 19.0 811.0 18.0 812.0 29.0 large-vehicle
786.0 47.0 785.0 55.0 767.0 55.0 766.0 46.0 small-vehicle
818.0 45.0 819.0 55.0 795.0 56.0 794.0 47.0 small-vehicle
560.0 1.0 568.0 1.0 568.0 13.0 561.0 13.0 small-vehicle
606.0 1.0 615.0 1.0 616.0 17.0 606.0 18.0 small-vehicle
572.0 1.0 581.0 1.0 581.0 17.0 572.0 16.0 small-vehicle
863.0 26.0 863.0 18.0 883.0 18.0 884.0 26.0 small-vehicle
1.0 654.0 3.0 655.0 3.0 683.0 1.0 683.0 large-vehicle
149.0 165.0 478.0 180.0 468.0 418.0 137.0 404.0 soccer-ball-field
