73.0 824.0 76.0 817.0 93.0 824.0 90.0 831.0 small-vehicle
163.0 661.0 172.0 661.0 172.0 681.0 164.0 681.0 small-vehicle
697.0 260.0 1020.0 275.0 998.0 743.0 677.0 727.0 soccer-ball-field
682.0 124.0 1024.0 147.0 1019.0 822.0 644.0 874.0 ground-track-field
131.0 760.0 182.0 762.0 174.0 870.0 124.0 867.0 tennis-court
268.0 680.0 318.0 683.0 313.0 791.0 261.0 787.0 tennis-court
343.0 684.0 395.0 687.0 388.0 795.0 337.0 792.0 tennis-court
238.0 836.0 344.0 843.0 341.0 893.0 234.0 886.0 tennis-court
540.0 52.0 539.0 59.0 522.0 57.0 522.0 49.0 small-vehicle
562.0 51.0 561.0 58.0 545.0 58.0 545.0 50.0 small-vehicle
587.0 50.0 586.0 59.0 570.0 58.0 569.0 49.0 small-vehicle
690.0 50.0 690.0 59.0 671.0 58.0 670.0 49.0 small-vehicle
719.0 49.0 719.0 58.0 698.0 58.0 698.0 48.0 small-vehicle
722.0 58.0 722.0 50.0 740.0 50.0 741.0 58.0 small-vehicle
798.0 50.0 798.0 58.0 778.0 58.0 778.0 49.0 small-vehicle
775.0 48.0 775.0 59.0 754.0 60.0 754.0 50.0 small-vehicle
934.0 29.0 932.0 19.0 965.0 18.0 966.0 29.0 large-vehicle
940.0 47.0 939.0 55.0 921.0 55.0 920.0 46.0 small-vehicle
972.0 45.0 973.0 55.0 949.0 56.0 948.0 47.0 small-vehicle
714.0 1.0 722.0 1.0 722.0 13.0 715.0 13.0 small-vehicle
760.0 1.0 769.0 1.0 770.0 17.0 760.0 18.0 small-vehicle
726.0 1.0 735.0 1.0 735.0 17.0 726.0 16.0 small-vehicle
1017.0 26.0 1017.0 18.0 1024.0 18.0 1024.0 26.0 small-vehicle
84.0 612.0 83.0 621.0 57.0 620.0 58.0 610.0 large-vehicle
144.0 654.0 157.0 655.0 157.0 683.0 145.0 684.0 large-vehicle
303.0 165.0 632.0 180.0 622.0 418.0 291.0 404.0 soccer-ball-field
