9.0 664.0 18.0 664.0 18.0 684.0 10.0 684.0 small-vehicle
543.0 263.0 866.0 278.0 844.0 746.0 523.0 730.0 soccer-ball-field
528.0 127.0 910.0 153.0 860.0 899.0 490.0 877.0 ground-track-field
1.0 764.0 28.0 765.0 20.0 873.0 1.0 871.0 tennis-court
114.0 683.0 164.0 686.0 159.0 794.0 107.0 790.0 tennis-court
189.0 687.0 241.0 690.0 234.0 798.0 183.0 795.0 tennis-court
84.0 839.0 190.0 846.0 187.0 896.0 80.0 889.0 tennis-court
386.0 55.0 385.0 62.0 368.0 60.0 368.0 52.0 small-vehicle
408.0 54.0 407.0 61.0 391.0 61.0 391.0 53.0 small-vehicle
433.0 53.0 432.0 62.0 416.0 61.0 415.0 52.0 small-vehicle
536.0 53.0 536.0 62.0 517.0 61.0 516.0 52.0 small-vehicle
565.0 52.0 565.0 61.0 544.0 61.0 544.0 51.0 small-vehicle
568.0 61.0 568.0 53.0 586.0 53.0 587.0 61.0 small-vehicle
644.0 53.0 644.0 61.0 624.0 61.0 624.0 52.0 small-vehicle
621.0 51.0 621.0 62.0 600.0 63.0 600.0 53.0 small-vehicle
780.0 32.0 778.0 22.0 811.0 21.0 812.0 32.0 large-vehicle
786.0 50.0 785.0 58.0 767.0 58.0 766.0 49.0 small-vehicle
818.0 48.0 819.0 58.0 795.0 59.0 794.0 50.0 small-vehicle
560.0 0.0 569.0 1.0 568.0 16.0 561.0 16.0 small-vehicle
606.0 0.0 615.0 0.0 616.0 20.0 606.0 21.0 small-vehicle
572.0 0.0 581.0 0.0 581.0 20.0 572.0 19.0 small-vehicle
863.0 29.0 863.0 21.0 883.0 21.0 884.0 29.0 small-vehicle
1.0 657.0 3.0 658.0 3.0 686.0 1.0 686.0 large-vehicle
149.0 168.0 478.0 183.0 468.0 421.0 137.0 407.0 soccer-ball-field
