73.0 827.0 76.0 820.0 93.0 827.0 90.0 834.0 small-vehicle
163.0 664.0 172.0 664.0 172.0 684.0 164.0 684.0 small-vehicle
697.0 263.0 1020.0 278.0 998.0 746.0 677.0 730.0 soccer-ball-field
682.0 127.0 1024.0 150.0 1019.0 825.0 644.0 877.0 ground-track-field
131.0 763.0 182.0 765.0 174.0 873.0 124.0 870.0 tennis-court
268.0 683.0 318.0 686.0 313.0 794.0 261.0 790.0 tennis-court
343.0 687.0 395.0 690.0 388.0 798.0 337.0 795.0 tennis-court
238.0 839.0 344.0 846.0 341.0 896.0 234.0 889.0 tennis-court
540.0 55.0 539.0 62.0 522.0 60.0 522.0 52.0 small-vehicle
562.0 54.0 561.0 61.0 545.0 61.0 545.0 53.0 small-vehicle
587.0 53.0 586.0 62.0 570.0 61.0 569.0 52.0 small-vehicle
690.0 53.0 690.0 62.0 671.0 61.0 670.0 52.0 small-vehicle
719.0 52.0 719.0 61.0 698.0 61.0 698.0 51.0 small-vehicle
722.0 61.0 722.0 53.0 740.0 53.0 741.0 61.0 small-vehicle
798.0 53.0 798.0 61.0 778.0 61.0 778.0 52.0 small-vehicle
775.0 51.0 775.0 62.0 754.0 63.0 754.0 53.0 small-vehicle
934.0 32.0 932.0 22.0 965.0 21.0 966.0 32.0 large-vehicle
940.0 50.0 939.0 58.0 921.0 58.0 920.0 49.0 small-vehicle
972.0 48.0 973.0 58.0 949.0 59.0 948.0 50.0 small-vehicle
714.0 0.0 723.0 1.0 722.0 16.0 715.0 16.0 small-vehicle
760.0 0.0 769.0 0.0 770.0 20.0 760.0 21.0 small-vehicle
726.0 0.0 735.0 0.0 735.0 20.0 726.0 19.0 small-vehicle
1017.0 29.0 1017.0 21.0 1024.0 21.0 1024.0 29.0 small-vehicle
84.0 615.0 83.0 624.0 57.0 623.0 58.0 613.0 large-vehicle
144.0 657.0 157.0 658.0 157.0 686.0 145.0 687.0 large-vehicle
303.0 168.0 632.0 183.0 622.0 421.0 291.0 407.0 soccer-ball-field
