795.0 121.0 808.0 121.0 808.0 135.0 795.0 135.0 storage-tank
823.0 135.0 835.0 135.0 835.0 149.0 823.0 149.0 storage-tank
810.0 149.0 827.0 149.0 827.0 167.0 810.0 167.0 storage-tank
800.0 165.0 810.0 165.0 810.0 175.0 800.0 175.0 storage-tank
788.0 159.0 799.0 159.0 799.0 170.0 788.0 170.0 storage-tank
791.0 140.0 808.0 140.0 808.0 158.0 791.0 158.0 storage-tank
809.0 128.0 821.0 128.0 821.0 142.0 809.0 142.0 storage-tank
777.0 153.0 787.0 153.0 787.0 165.0 777.0 165.0 storage-tank
780.0 114.0 794.0 114.0 794.0 128.0 780.0 128.0 storage-tank
738.0 516.0 748.0 516.0 748.0 526.0 738.0 526.0 storage-tank
771.0 130.0 789.0 130.0 789.0 148.0 771.0 148.0 storage-tank
765.0 148.0 775.0 148.0 775.0 159.0 765.0 159.0 storage-tank
775.0 105.0 783.0 105.0 783.0 113.0 775.0 113.0 storage-tank
770.0 111.0 778.0 111.0 778.0 119.0 770.0 119.0 storage-tank
765.0 121.0 772.0 121.0 772.0 129.0 765.0 129.0 storage-tank
760.0 132.0 768.0 132.0 768.0 140.0 760.0 140.0 storage-tank
755.0 142.0 763.0 142.0 763.0 151.0 755.0 151.0 storage-tank
737.0 526.0 743.0 526.0 743.0 533.0 737.0 533.0 storage-tank
743.0 506.0 753.0 506.0 753.0 517.0 743.0 517.0 storage-tank
603.0 415.0 615.0 415.0 615.0 428.0 603.0 428.0 storage-tank
772.0 432.0 789.0 432.0 789.0 449.0 772.0 449.0 storage-tank
735.0 939.0 764.0 939.0 764.0 967.0 735.0 967.0 storage-tank
782.0 1009.0 831.0 1009.0 831.0 1024.0 782.0 1024.0 storage-tank
731.0 985.0 780.0 985.0 780.0 1024.0 731.0 1024.0 storage-tank
808.0 378.0 822.0 378.0 822.0 392.0 808.0 392.0 storage-tank
802.0 391.0 816.0 391.0 816.0 407.0 802.0 407.0 storage-tank
793.0 400.0 803.0 400.0 803.0 412.0 793.0 412.0 storage-tank
770.0 381.0 782.0 381.0 782.0 393.0 770.0 393.0 storage-tank
753.0 423.0 770.0 423.0 770.0 441.0 753.0 441.0 storage-tank
737.0 488.0 748.0 488.0 748.0 499.0 737.0 499.0 storage-tank
765.0 450.0 780.0 450.0 780.0 465.0 765.0 465.0 storage-tank
759.0 467.0 773.0 467.0 773.0 481.0 759.0 481.0 storage-tank
748.0 442.0 764.0 442.0 764.0 457.0 748.0 457.0 storage-tank
743.0 459.0 758.0 459.0 758.0 473.0 743.0 473.0 storage-tank
754.0 481.0 766.0 481.0 766.0 493.0 754.0 493.0 storage-tank
740.0 473.0 753.0 473.0 753.0 486.0 740.0 486.0 storage-tank
750.0 493.0 760.0 493.0 760.0 504.0 750.0 504.0 storage-tank
612.0 374.0 625.0 374.0 625.0 387.0 612.0 387.0 storage-tank
594.0 454.0 608.0 454.0 608.0 467.0 594.0 467.0 storage-tank
453.0 294.0 465.0 294.0 465.0 307.0 453.0 307.0 storage-tank
598.0 467.0 632.0 467.0 632.0 503.0 598.0 503.0 storage-tank
606.0 427.0 641.0 427.0 641.0 463.0 606.0 463.0 storage-tank
614.0 389.0 649.0 389.0 649.0 424.0 614.0 424.0 storage-tank
623.0 348.0 658.0 348.0 658.0 384.0 623.0 384.0 storage-tank
631.0 307.0 667.0 307.0 667.0 344.0 631.0 344.0 storage-tank
640.0 268.0 675.0 268.0 675.0 304.0 640.0 304.0 storage-tank
648.0 228.0 684.0 228.0 684.0 264.0 648.0 264.0 storage-tank
418.0 192.0 432.0 192.0 432.0 205.0 418.0 205.0 storage-tank
656.0 453.0 683.0 453.0 683.0 481.0 656.0 481.0 storage-tank
356.0 17.0 368.0 17.0 368.0 30.0 356.0 30.0 storage-tank
517.0 574.0 522.0 574.0 523.0 603.0 518.0 603.0 large-vehicle
84.0 875.0 93.0 878.0 84.0 925.0 74.0 923.0 ship
217.0 546.0 239.0 546.0 239.0 569.0 217.0 569.0 storage-tank
234.0 511.0 256.0 511.0 256.0 533.0 234.0 533.0 storage-tank
209.0 520.0 230.0 520.0 230.0 542.0 209.0 542.0 storage-tank
225.0 482.0 247.0 482.0 247.0 506.0 225.0 506.0 storage-tank
650.0 484.0 676.0 484.0 676.0 512.0 650.0 512.0 storage-tank
663.0 423.0 690.0 423.0 690.0 451.0 663.0 451.0 storage-tank
795.0 236.0 803.0 236.0 803.0 245.0 795.0 245.0 storage-tank
724.0 306.0 752.0 306.0 752.0 334.0 724.0 334.0 storage-tank
796.0 226.0 805.0 226.0 805.0 235.0 796.0 235.0 storage-tank
755.0 219.0 792.0 219.0 792.0 257.0 755.0 257.0 storage-tank
736.0 219.0 754.0 219.0 754.0 237.0 736.0 237.0 storage-tank
751.0 256.0 769.0 256.0 769.0 276.0 751.0 276.0 storage-tank
706.0 233.0 743.0 233.0 743.0 268.0 706.0 268.0 storage-tank
731.0 277.0 758.0 277.0 758.0 303.0 731.0 303.0 storage-tank
696.0 270.0 723.0 270.0 723.0 297.0 696.0 297.0 storage-tank
690.0 299.0 716.0 299.0 716.0 328.0 690.0 328.0 storage-tank
692.0 460.0 719.0 460.0 719.0 488.0 692.0 488.0 storage-tank
718.0 337.0 745.0 337.0 745.0 364.0 718.0 364.0 storage-tank
682.0 330.0 710.0 330.0 710.0 359.0 682.0 359.0 storage-tank
711.0 368.0 738.0 368.0 738.0 395.0 711.0 395.0 storage-tank
676.0 361.0 703.0 361.0 703.0 389.0 676.0 389.0 storage-tank
704.0 398.0 732.0 398.0 732.0 426.0 704.0 426.0 storage-tank
669.0 392.0 697.0 392.0 697.0 419.0 669.0 419.0 storage-tank
698.0 429.0 724.0 429.0 724.0 457.0 698.0 457.0 storage-tank
764.0 950.0 795.0 950.0 795.0 982.0 764.0 982.0 storage-tank
751.0 905.0 780.0 905.0 780.0 933.0 751.0 933.0 storage-tank
780.0 916.0 811.0 916.0 811.0 949.0 780.0 949.0 storage-tank
887.0 175.0 893.0 175.0 893.0 182.0 887.0 182.0 storage-tank
975.0 960.0 1005.0 960.0 1005.0 992.0 975.0 992.0 storage-tank
851.0 268.0 857.0 268.0 857.0 275.0 851.0 275.0 storage-tank
844.0 265.0 851.0 265.0 851.0 272.0 844.0 272.0 storage-tank
839.0 263.0 845.0 263.0 845.0 268.0 839.0 268.0 storage-tank
884.0 187.0 893.0 187.0 893.0 196.0 884.0 196.0 storage-tank
893.0 179.0 900.0 179.0 900.0 186.0 893.0 186.0 storage-tank
898.0 168.0 904.0 168.0 904.0 175.0 898.0 175.0 storage-tank
891.0 165.0 898.0 165.0 898.0 172.0 891.0 172.0 storage-tank
987.0 931.0 1018.0 931.0 1018.0 962.0 987.0 962.0 storage-tank
875.0 198.0 885.0 198.0 885.0 210.0 875.0 210.0 storage-tank
875.0 183.0 884.0 183.0 884.0 192.0 875.0 192.0 storage-tank
881.0 172.0 887.0 172.0 887.0 179.0 881.0 179.0 storage-tank
884.0 162.0 891.0 162.0 891.0 169.0 884.0 169.0 storage-tank
874.0 169.0 881.0 169.0 881.0 176.0 874.0 176.0 storage-tank
878.0 158.0 884.0 158.0 884.0 165.0 878.0 165.0 storage-tank
864.0 193.0 875.0 193.0 875.0 204.0 864.0 204.0 storage-tank
958.0 916.0 990.0 916.0 990.0 949.0 958.0 949.0 storage-tank
772.0 866.0 799.0 866.0 799.0 894.0 772.0 894.0 storage-tank
866.0 179.0 875.0 179.0 875.0 188.0 866.0 188.0 storage-tank
868.0 166.0 874.0 166.0 874.0 173.0 868.0 173.0 storage-tank
872.0 155.0 878.0 155.0 878.0 162.0 872.0 162.0 storage-tank
887.0 1011.0 918.0 1011.0 918.0 1024.0 887.0 1024.0 storage-tank
798.0 875.0 828.0 875.0 828.0 908.0 798.0 908.0 storage-tank
935.0 992.0 966.0 992.0 966.0 1024.0 935.0 1024.0 storage-tank
904.0 976.0 935.0 976.0 935.0 1010.0 904.0 1010.0 storage-tank
873.0 961.0 904.0 961.0 904.0 994.0 873.0 994.0 storage-tank
842.0 946.0 873.0 946.0 873.0 979.0 842.0 979.0 storage-tank
811.0 931.0 842.0 931.0 842.0 964.0 811.0 964.0 storage-tank
856.0 997.0 887.0 997.0 887.0 1024.0 856.0 1024.0 storage-tank
861.0 163.0 867.0 163.0 867.0 170.0 861.0 170.0 storage-tank
825.0 981.0 856.0 981.0 856.0 1014.0 825.0 1014.0 storage-tank
795.0 966.0 825.0 966.0 825.0 998.0 795.0 998.0 storage-tank
787.0 836.0 814.0 836.0 814.0 863.0 787.0 863.0 storage-tank
827.0 890.0 858.0 890.0 858.0 922.0 827.0 922.0 storage-tank
811.0 846.0 843.0 846.0 843.0 877.0 811.0 877.0 storage-tank
840.0 860.0 872.0 860.0 872.0 892.0 840.0 892.0 storage-tank
870.0 873.0 901.0 873.0 901.0 907.0 870.0 907.0 storage-tank
854.0 189.0 864.0 189.0 864.0 200.0 854.0 200.0 storage-tank
858.0 175.0 866.0 175.0 866.0 183.0 858.0 183.0 storage-tank
865.0 152.0 871.0 152.0 871.0 159.0 865.0 159.0 storage-tank
842.0 183.0 854.0 183.0 854.0 195.0 842.0 195.0 storage-tank
849.0 170.0 858.0 170.0 858.0 180.0 849.0 180.0 storage-tank
854.0 160.0 861.0 160.0 861.0 168.0 854.0 168.0 storage-tank
858.0 149.0 864.0 149.0 864.0 156.0 858.0 156.0 storage-tank
836.0 142.0 848.0 142.0 848.0 155.0 836.0 155.0 storage-tank
837.0 162.0 848.0 162.0 848.0 174.0 837.0 174.0 storage-tank
944.0 947.0 975.0 947.0 975.0 979.0 944.0 979.0 storage-tank
929.0 901.0 961.0 901.0 961.0 935.0 929.0 935.0 storage-tank
914.0 933.0 946.0 933.0 946.0 966.0 914.0 966.0 storage-tank
900.0 887.0 932.0 887.0 932.0 920.0 900.0 920.0 storage-tank
884.0 918.0 918.0 918.0 918.0 952.0 884.0 952.0 storage-tank
855.0 905.0 887.0 905.0 887.0 937.0 855.0 937.0 storage-tank
199.0 492.0 221.0 492.0 221.0 515.0 199.0 515.0 storage-tank
