412.0 985.0 416.0 989.0 392.0 1008.0 389.0 1003.0 large-vehicle
738.0 333.0 748.0 333.0 748.0 343.0 738.0 343.0 storage-tank
737.0 343.0 743.0 343.0 743.0 350.0 737.0 350.0 storage-tank
743.0 323.0 753.0 323.0 753.0 334.0 743.0 334.0 storage-tank
603.0 232.0 615.0 232.0 615.0 245.0 603.0 245.0 storage-tank
772.0 249.0 789.0 249.0 789.0 266.0 772.0 266.0 storage-tank
735.0 756.0 764.0 756.0 764.0 784.0 735.0 784.0 storage-tank
782.0 826.0 831.0 826.0 831.0 877.0 782.0 877.0 storage-tank
731.0 802.0 780.0 802.0 780.0 851.0 731.0 851.0 storage-tank
808.0 195.0 822.0 195.0 822.0 209.0 808.0 209.0 storage-tank
802.0 208.0 816.0 208.0 816.0 224.0 802.0 224.0 storage-tank
793.0 217.0 803.0 217.0 803.0 229.0 793.0 229.0 storage-tank
770.0 198.0 782.0 198.0 782.0 210.0 770.0 210.0 storage-tank
753.0 240.0 770.0 240.0 770.0 258.0 753.0 258.0 storage-tank
737.0 305.0 748.0 305.0 748.0 316.0 737.0 316.0 storage-tank
765.0 267.0 780.0 267.0 780.0 282.0 765.0 282.0 storage-tank
759.0 284.0 773.0 284.0 773.0 298.0 759.0 298.0 storage-tank
748.0 259.0 764.0 259.0 764.0 274.0 748.0 274.0 storage-tank
743.0 276.0 758.0 276.0 758.0 290.0 743.0 290.0 storage-tank
754.0 298.0 766.0 298.0 766.0 310.0 754.0 310.0 storage-tank
740.0 290.0 753.0 290.0 753.0 303.0 740.0 303.0 storage-tank
750.0 310.0 760.0 310.0 760.0 321.0 750.0 321.0 storage-tank
612.0 191.0 625.0 191.0 625.0 204.0 612.0 204.0 storage-tank
594.0 271.0 608.0 271.0 608.0 284.0 594.0 284.0 storage-tank
632.0 930.0 628.0 927.0 638.0 903.0 643.0 905.0 large-vehicle
453.0 111.0 465.0 111.0 465.0 124.0 453.0 124.0 storage-tank
598.0 284.0 632.0 284.0 632.0 320.0 598.0 320.0 storage-tank
606.0 244.0 641.0 244.0 641.0 280.0 606.0 280.0 storage-tank
614.0 206.0 649.0 206.0 649.0 241.0 614.0 241.0 storage-tank
623.0 165.0 658.0 165.0 658.0 201.0 623.0 201.0 storage-tank
631.0 124.0 667.0 124.0 667.0 161.0 631.0 161.0 storage-tank
640.0 85.0 675.0 85.0 675.0 121.0 640.0 121.0 storage-tank
648.0 45.0 684.0 45.0 684.0 81.0 648.0 81.0 storage-tank
418.0 9.0 432.0 9.0 432.0 22.0 418.0 22.0 storage-tank
656.0 270.0 683.0 270.0 683.0 298.0 656.0 298.0 storage-tank
517.0 391.0 522.0 391.0 523.0 420.0 518.0 420.0 large-vehicle
84.0 692.0 93.0 695.0 84.0 742.0 74.0 740.0 ship
217.0 363.0 239.0 363.0 239.0 386.0 217.0 386.0 storage-tank
234.0 328.0 256.0 328.0 256.0 350.0 234.0 350.0 storage-tank
209.0 337.0 230.0 337.0 230.0 359.0 209.0 359.0 storage-tank
225.0 299.0 247.0 299.0 247.0 323.0 225.0 323.0 storage-tank
650.0 301.0 676.0 301.0 676.0 329.0 650.0 329.0 storage-tank
663.0 240.0 690.0 240.0 690.0 268.0 663.0 268.0 storage-tank
795.0 53.0 803.0 53.0 803.0 62.0 795.0 62.0 storage-tank
724.0 123.0 752.0 123.0 752.0 151.0 724.0 151.0 storage-tank
796.0 43.0 805.0 43.0 805.0 52.0 796.0 52.0 storage-tank
755.0 36.0 792.0 36.0 792.0 74.0 755.0 74.0 storage-tank
736.0 36.0 754.0 36.0 754.0 54.0 736.0 54.0 storage-tank
751.0 73.0 769.0 73.0 769.0 93.0 751.0 93.0 storage-tank
706.0 50.0 743.0 50.0 743.0 85.0 706.0 85.0 storage-tank
731.0 94.0 758.0 94.0 758.0 120.0 731.0 120.0 storage-tank
696.0 87.0 723.0 87.0 723.0 114.0 696.0 114.0 storage-tank
690.0 116.0 716.0 116.0 716.0 145.0 690.0 145.0 storage-tank
692.0 277.0 719.0 277.0 719.0 305.0 692.0 305.0 storage-tank
718.0 154.0 745.0 154.0 745.0 181.0 718.0 181.0 storage-tank
682.0 147.0 710.0 147.0 710.0 176.0 682.0 176.0 storage-tank
711.0 185.0 738.0 185.0 738.0 212.0 711.0 212.0 storage-tank
676.0 178.0 703.0 178.0 703.0 206.0 676.0 206.0 storage-tank
704.0 215.0 732.0 215.0 732.0 243.0 704.0 243.0 storage-tank
669.0 209.0 697.0 209.0 697.0 236.0 669.0 236.0 storage-tank
698.0 246.0 724.0 246.0 724.0 274.0 698.0 274.0 storage-tank
764.0 767.0 795.0 767.0 795.0 799.0 764.0 799.0 storage-tank
751.0 722.0 780.0 722.0 780.0 750.0 751.0 750.0 storage-tank
780.0 733.0 811.0 733.0 811.0 766.0 780.0 766.0 storage-tank
975.0 777.0 1005.0 777.0 1005.0 809.0 975.0 809.0 storage-tank
851.0 85.0 857.0 85.0 857.0 92.0 851.0 92.0 storage-tank
844.0 82.0 851.0 82.0 851.0 89.0 844.0 89.0 storage-tank
839.0 80.0 845.0 80.0 845.0 85.0 839.0 85.0 storage-tank
884.0 4.0 893.0 4.0 893.0 13.0 884.0 13.0 storage-tank
893.0 1.0 900.0 1.0 900.0 3.0 893.0 3.0 storage-tank
987.0 748.0 1018.0 748.0 1018.0 779.0 987.0 779.0 storage-tank
875.0 15.0 885.0 15.0 885.0 27.0 875.0 27.0 storage-tank
875.0 0.0 884.0 0.0 884.0 9.0 875.0 9.0 storage-tank
864.0 10.0 875.0 10.0 875.0 21.0 864.0 21.0 storage-tank
958.0 733.0 990.0 733.0 990.0 766.0 958.0 766.0 storage-tank
772.0 683.0 799.0 683.0 799.0 711.0 772.0 711.0 storage-tank
640.0 884.0 645.0 885.0 636.0 905.0 632.0 903.0 large-vehicle
866.0 1.0 875.0 1.0 875.0 5.0 866.0 5.0 storage-tank
887.0 828.0 918.0 828.0 918.0 861.0 887.0 861.0 storage-tank
798.0 692.0 828.0 692.0 828.0 725.0 798.0 725.0 storage-tank
935.0 809.0 966.0 809.0 966.0 841.0 935.0 841.0 storage-tank
904.0 793.0 935.0 793.0 935.0 827.0 904.0 827.0 storage-tank
873.0 778.0 904.0 778.0 904.0 811.0 873.0 811.0 storage-tank
842.0 763.0 873.0 763.0 873.0 796.0 842.0 796.0 storage-tank
811.0 748.0 842.0 748.0 842.0 781.0 811.0 781.0 storage-tank
918.0 843.0 948.0 843.0 948.0 875.0 918.0 875.0 storage-tank
856.0 814.0 887.0 814.0 887.0 847.0 856.0 847.0 storage-tank
825.0 798.0 856.0 798.0 856.0 831.0 825.0 831.0 storage-tank
795.0 783.0 825.0 783.0 825.0 815.0 795.0 815.0 storage-tank
881.0 876.0 931.0 876.0 931.0 925.0 881.0 925.0 storage-tank
832.0 852.0 880.0 852.0 880.0 901.0 832.0 901.0 storage-tank
834.0 970.0 859.0 970.0 859.0 996.0 834.0 996.0 storage-tank
817.0 956.0 835.0 956.0 835.0 975.0 817.0 975.0 storage-tank
787.0 653.0 814.0 653.0 814.0 680.0 787.0 680.0 storage-tank
827.0 707.0 858.0 707.0 858.0 739.0 827.0 739.0 storage-tank
811.0 663.0 843.0 663.0 843.0 694.0 811.0 694.0 storage-tank
840.0 677.0 872.0 677.0 872.0 709.0 840.0 709.0 storage-tank
870.0 690.0 901.0 690.0 901.0 724.0 870.0 724.0 storage-tank
854.0 6.0 864.0 6.0 864.0 17.0 854.0 17.0 storage-tank
858.0 1.0 866.0 1.0 866.0 1.0 858.0 1.0 storage-tank
842.0 0.0 854.0 0.0 854.0 12.0 842.0 12.0 storage-tank
944.0 764.0 975.0 764.0 975.0 796.0 944.0 796.0 storage-tank
929.0 718.0 961.0 718.0 961.0 752.0 929.0 752.0 storage-tank
914.0 750.0 946.0 750.0 946.0 783.0 914.0 783.0 storage-tank
900.0 704.0 932.0 704.0 932.0 737.0 900.0 737.0 storage-tank
884.0 735.0 918.0 735.0 918.0 769.0 884.0 769.0 storage-tank
855.0 722.0 887.0 722.0 887.0 754.0 855.0 754.0 storage-tank
199.0 309.0 221.0 309.0 221.0 332.0 199.0 332.0 storage-tank
