324.0 121.0 337.0 121.0 337.0 135.0 324.0 135.0 storage-tank
352.0 135.0 364.0 135.0 364.0 149.0 352.0 149.0 storage-tank
339.0 149.0 356.0 149.0 356.0 167.0 339.0 167.0 storage-tank
329.0 165.0 339.0 165.0 339.0 175.0 329.0 175.0 storage-tank
317.0 159.0 328.0 159.0 328.0 170.0 317.0 170.0 storage-tank
320.0 140.0 337.0 140.0 337.0 158.0 320.0 158.0 storage-tank
338.0 128.0 350.0 128.0 350.0 142.0 338.0 142.0 storage-tank
306.0 153.0 316.0 153.0 316.0 165.0 306.0 165.0 storage-tank
309.0 114.0 323.0 114.0 323.0 128.0 309.0 128.0 storage-tank
267.0 516.0 277.0 516.0 277.0 526.0 267.0 526.0 storage-tank
300.0 130.0 318.0 130.0 318.0 148.0 300.0 148.0 storage-tank
294.0 148.0 304.0 148.0 304.0 159.0 294.0 159.0 storage-tank
304.0 105.0 312.0 105.0 312.0 113.0 304.0 113.0 storage-tank
299.0 111.0 307.0 111.0 307.0 119.0 299.0 119.0 storage-tank
294.0 121.0 301.0 121.0 301.0 129.0 294.0 129.0 storage-tank
289.0 132.0 297.0 132.0 297.0 140.0 289.0 140.0 storage-tank
284.0 142.0 292.0 142.0 292.0 151.0 284.0 151.0 storage-tank
266.0 526.0 272.0 526.0 272.0 533.0 266.0 533.0 storage-tank
272.0 506.0 282.0 506.0 282.0 517.0 272.0 517.0 storage-tank
132.0 415.0 144.0 415.0 144.0 428.0 132.0 428.0 storage-tank
301.0 432.0 318.0 432.0 318.0 449.0 301.0 449.0 storage-tank
264.0 939.0 293.0 939.0 293.0 967.0 264.0 967.0 storage-tank
311.0 1009.0 360.0 1009.0 360.0 1024.0 311.0 1024.0 storage-tank
260.0 985.0 309.0 985.0 309.0 1024.0 260.0 1024.0 storage-tank
337.0 378.0 351.0 378.0 351.0 392.0 337.0 392.0 storage-tank
331.0 391.0 345.0 391.0 345.0 407.0 331.0 407.0 storage-tank
322.0 400.0 332.0 400.0 332.0 412.0 322.0 412.0 storage-tank
299.0 381.0 311.0 381.0 311.0 393.0 299.0 393.0 storage-tank
282.0 423.0 299.0 423.0 299.0 441.0 282.0 441.0 storage-tank
266.0 488.0 277.0 488.0 277.0 499.0 266.0 499.0 storage-tank
294.0 450.0 309.0 450.0 309.0 465.0 294.0 465.0 storage-tank
288.0 467.0 302.0 467.0 302.0 481.0 288.0 481.0 storage-tank
277.0 442.0 293.0 442.0 293.0 457.0 277.0 457.0 storage-tank
272.0 459.0 287.0 459.0 287.0 473.0 272.0 473.0 storage-tank
283.0 481.0 295.0 481.0 295.0 493.0 283.0 493.0 storage-tank
269.0 473.0 282.0 473.0 282.0 486.0 269.0 486.0 storage-tank
279.0 493.0 289.0 493.0 289.0 504.0 279.0 504.0 storage-tank
141.0 374.0 154.0 374.0 154.0 387.0 141.0 387.0 storage-tank
123.0 454.0 137.0 454.0 137.0 467.0 123.0 467.0 storage-tank
127.0 467.0 161.0 467.0 161.0 503.0 127.0 503.0 storage-tank
135.0 427.0 170.0 427.0 170.0 463.0 135.0 463.0 storage-tank
143.0 389.0 178.0 389.0 178.0 424.0 143.0 424.0 storage-tank
152.0 348.0 187.0 348.0 187.0 384.0 152.0 384.0 storage-tank
160.0 307.0 196.0 307.0 196.0 344.0 160.0 344.0 storage-tank
169.0 268.0 204.0 268.0 204.0 304.0 169.0 304.0 storage-tank
177.0 228.0 213.0 228.0 213.0 264.0 177.0 264.0 storage-tank
185.0 453.0 212.0 453.0 212.0 481.0 185.0 481.0 storage-tank
46.0 574.0 51.0 574.0 52.0 603.0 47.0 603.0 large-vehicle
179.0 484.0 205.0 484.0 205.0 512.0 179.0 512.0 storage-tank
192.0 423.0 219.0 423.0 219.0 451.0 192.0 451.0 storage-tank
324.0 236.0 332.0 236.0 332.0 245.0 324.0 245.0 storage-tank
253.0 306.0 281.0 306.0 281.0 334.0 253.0 334.0 storage-tank
325.0 226.0 334.0 226.0 334.0 235.0 325.0 235.0 storage-tank
284.0 219.0 321.0 219.0 321.0 257.0 284.0 257.0 storage-tank
265.0 219.0 283.0 219.0 283.0 237.0 265.0 237.0 storage-tank
280.0 256.0 298.0 256.0 298.0 276.0 280.0 276.0 storage-tank
235.0 233.0 272.0 233.0 272.0 268.0 235.0 268.0 storage-tank
260.0 277.0 287.0 277.0 287.0 303.0 260.0 303.0 storage-tank
225.0 270.0 252.0 270.0 252.0 297.0 225.0 297.0 storage-tank
219.0 299.0 245.0 299.0 245.0 328.0 219.0 328.0 storage-tank
221.0 460.0 248.0 460.0 248.0 488.0 221.0 488.0 storage-tank
247.0 337.0 274.0 337.0 274.0 364.0 247.0 364.0 storage-tank
211.0 330.0 239.0 330.0 239.0 359.0 211.0 359.0 storage-tank
240.0 368.0 267.0 368.0 267.0 395.0 240.0 395.0 storage-tank
205.0 361.0 232.0 361.0 232.0 389.0 205.0 389.0 storage-tank
233.0 398.0 261.0 398.0 261.0 426.0 233.0 426.0 storage-tank
198.0 392.0 226.0 392.0 226.0 419.0 198.0 419.0 storage-tank
227.0 429.0 253.0 429.0 253.0 457.0 227.0 457.0 storage-tank
293.0 950.0 324.0 950.0 324.0 982.0 293.0 982.0 storage-tank
280.0 905.0 309.0 905.0 309.0 933.0 280.0 933.0 storage-tank
309.0 916.0 340.0 916.0 340.0 949.0 309.0 949.0 storage-tank
416.0 175.0 422.0 175.0 422.0 182.0 416.0 182.0 storage-tank
504.0 960.0 534.0 960.0 534.0 992.0 504.0 992.0 storage-tank
380.0 268.0 386.0 268.0 386.0 275.0 380.0 275.0 storage-tank
373.0 265.0 380.0 265.0 380.0 272.0 373.0 272.0 storage-tank
368.0 263.0 374.0 263.0 374.0 268.0 368.0 268.0 storage-tank
413.0 187.0 422.0 187.0 422.0 196.0 413.0 196.0 storage-tank
422.0 179.0 429.0 179.0 429.0 186.0 422.0 186.0 storage-tank
427.0 168.0 433.0 168.0 433.0 175.0 427.0 175.0 storage-tank
420.0 165.0 427.0 165.0 427.0 172.0 420.0 172.0 storage-tank
516.0 931.0 547.0 931.0 547.0 962.0 516.0 962.0 storage-tank
404.0 198.0 414.0 198.0 414.0 210.0 404.0 210.0 storage-tank
404.0 183.0 413.0 183.0 413.0 192.0 404.0 192.0 storage-tank
410.0 172.0 416.0 172.0 416.0 179.0 410.0 179.0 storage-tank
413.0 162.0 420.0 162.0 420.0 169.0 413.0 169.0 storage-tank
403.0 169.0 410.0 169.0 410.0 176.0 403.0 176.0 storage-tank
407.0 158.0 413.0 158.0 413.0 165.0 407.0 165.0 storage-tank
393.0 193.0 404.0 193.0 404.0 204.0 393.0 204.0 storage-tank
487.0 916.0 519.0 916.0 519.0 949.0 487.0 949.0 storage-tank
601.0 238.0 619.0 238.0 619.0 257.0 601.0 257.0 storage-tank
301.0 866.0 328.0 866.0 328.0 894.0 301.0 894.0 storage-tank
827.0 739.0 856.0 753.0 778.0 911.0 752.0 897.0 ship
822.0 388.0 827.0 390.0 818.0 406.0 814.0 404.0 large-vehicle
853.0 329.0 857.0 331.0 848.0 348.0 844.0 346.0 large-vehicle
834.0 364.0 839.0 367.0 831.0 384.0 826.0 381.0 large-vehicle
881.0 631.0 897.0 638.0 856.0 724.0 839.0 716.0 ship
752.0 947.0 766.0 956.0 729.0 1024.0 716.0 1022.0 ship
710.0 1023.0 696.0 1017.0 734.0 942.0 749.0 949.0 ship
592.0 257.0 609.0 257.0 609.0 274.0 592.0 274.0 storage-tank
640.0 213.0 652.0 213.0 652.0 224.0 640.0 224.0 storage-tank
629.0 206.0 640.0 206.0 640.0 218.0 629.0 218.0 storage-tank
618.0 200.0 628.0 200.0 628.0 211.0 618.0 211.0 storage-tank
620.0 249.0 637.0 249.0 637.0 265.0 620.0 265.0 storage-tank
611.0 266.0 629.0 266.0 629.0 284.0 611.0 284.0 storage-tank
629.0 230.0 646.0 230.0 646.0 248.0 629.0 248.0 storage-tank
609.0 220.0 627.0 220.0 627.0 238.0 609.0 238.0 storage-tank
395.0 179.0 404.0 179.0 404.0 188.0 395.0 188.0 storage-tank
397.0 166.0 403.0 166.0 403.0 173.0 397.0 173.0 storage-tank
401.0 155.0 407.0 155.0 407.0 162.0 401.0 162.0 storage-tank
416.0 1011.0 447.0 1011.0 447.0 1024.0 416.0 1024.0 storage-tank
327.0 875.0 357.0 875.0 357.0 908.0 327.0 908.0 storage-tank
464.0 992.0 495.0 992.0 495.0 1024.0 464.0 1024.0 storage-tank
433.0 976.0 464.0 976.0 464.0 1010.0 433.0 1010.0 storage-tank
402.0 961.0 433.0 961.0 433.0 994.0 402.0 994.0 storage-tank
371.0 946.0 402.0 946.0 402.0 979.0 371.0 979.0 storage-tank
340.0 931.0 371.0 931.0 371.0 964.0 340.0 964.0 storage-tank
385.0 997.0 416.0 997.0 416.0 1024.0 385.0 1024.0 storage-tank
390.0 163.0 396.0 163.0 396.0 170.0 390.0 170.0 storage-tank
354.0 981.0 385.0 981.0 385.0 1014.0 354.0 1014.0 storage-tank
324.0 966.0 354.0 966.0 354.0 998.0 324.0 998.0 storage-tank
316.0 836.0 343.0 836.0 343.0 863.0 316.0 863.0 storage-tank
356.0 890.0 387.0 890.0 387.0 922.0 356.0 922.0 storage-tank
340.0 846.0 372.0 846.0 372.0 877.0 340.0 877.0 storage-tank
369.0 860.0 401.0 860.0 401.0 892.0 369.0 892.0 storage-tank
399.0 873.0 430.0 873.0 430.0 907.0 399.0 907.0 storage-tank
383.0 189.0 393.0 189.0 393.0 200.0 383.0 200.0 storage-tank
387.0 175.0 395.0 175.0 395.0 183.0 387.0 183.0 storage-tank
394.0 152.0 400.0 152.0 400.0 159.0 394.0 159.0 storage-tank
371.0 183.0 383.0 183.0 383.0 195.0 371.0 195.0 storage-tank
378.0 170.0 387.0 170.0 387.0 180.0 378.0 180.0 storage-tank
383.0 160.0 390.0 160.0 390.0 168.0 383.0 168.0 storage-tank
387.0 149.0 393.0 149.0 393.0 156.0 387.0 156.0 storage-tank
365.0 142.0 377.0 142.0 377.0 155.0 365.0 155.0 storage-tank
366.0 162.0 377.0 162.0 377.0 174.0 366.0 174.0 storage-tank
473.0 947.0 504.0 947.0 504.0 979.0 473.0 979.0 storage-tank
458.0 901.0 490.0 901.0 490.0 935.0 458.0 935.0 storage-tank
443.0 933.0 475.0 933.0 475.0 966.0 443.0 966.0 storage-tank
429.0 887.0 461.0 887.0 461.0 920.0 429.0 920.0 storage-tank
413.0 918.0 447.0 918.0 447.0 952.0 413.0 952.0 storage-tank
384.0 905.0 416.0 905.0 416.0 937.0 384.0 937.0 storage-tank
