267.0 333.0 277.0 333.0 277.0 343.0 267.0 343.0 storage-tank
266.0 343.0 272.0 343.0 272.0 350.0 266.0 350.0 storage-tank
272.0 323.0 282.0 323.0 282.0 334.0 272.0 334.0 storage-tank
132.0 232.0 144.0 232.0 144.0 245.0 132.0 245.0 storage-tank
301.0 249.0 318.0 249.0 318.0 266.0 301.0 266.0 storage-tank
264.0 756.0 293.0 756.0 293.0 784.0 264.0 784.0 storage-tank
311.0 826.0 360.0 826.0 360.0 877.0 311.0 877.0 storage-tank
260.0 802.0 309.0 802.0 309.0 851.0 260.0 851.0 storage-tank
337.0 195.0 351.0 195.0 351.0 209.0 337.0 209.0 storage-tank
331.0 208.0 345.0 208.0 345.0 224.0 331.0 224.0 storage-tank
322.0 217.0 332.0 217.0 332.0 229.0 322.0 229.0 storage-tank
299.0 198.0 311.0 198.0 311.0 210.0 299.0 210.0 storage-tank
282.0 240.0 299.0 240.0 299.0 258.0 282.0 258.0 storage-tank
266.0 305.0 277.0 305.0 277.0 316.0 266.0 316.0 storage-tank
294.0 267.0 309.0 267.0 309.0 282.0 294.0 282.0 storage-tank
288.0 284.0 302.0 284.0 302.0 298.0 288.0 298.0 storage-tank
277.0 259.0 293.0 259.0 293.0 274.0 277.0 274.0 storage-tank
272.0 276.0 287.0 276.0 287.0 290.0 272.0 290.0 storage-tank
283.0 298.0 295.0 298.0 295.0 310.0 283.0 310.0 storage-tank
269.0 290.0 282.0 290.0 282.0 303.0 269.0 303.0 storage-tank
279.0 310.0 289.0 310.0 289.0 321.0 279.0 321.0 storage-tank
141.0 191.0 154.0 191.0 154.0 204.0 141.0 204.0 storage-tank
123.0 271.0 137.0 271.0 137.0 284.0 123.0 284.0 storage-tank
161.0 930.0 157.0 927.0 167.0 903.0 172.0 905.0 large-vehicle
127.0 284.0 161.0 284.0 161.0 320.0 127.0 320.0 storage-tank
135.0 244.0 170.0 244.0 170.0 280.0 135.0 280.0 storage-tank
143.0 206.0 178.0 206.0 178.0 241.0 143.0 241.0 storage-tank
152.0 165.0 187.0 165.0 187.0 201.0 152.0 201.0 storage-tank
160.0 124.0 196.0 124.0 196.0 161.0 160.0 161.0 storage-tank
169.0 85.0 204.0 85.0 204.0 121.0 169.0 121.0 storage-tank
177.0 45.0 213.0 45.0 213.0 81.0 177.0 81.0 storage-tank
185.0 270.0 212.0 270.0 212.0 298.0 185.0 298.0 storage-tank
46.0 391.0 51.0 391.0 52.0 420.0 47.0 420.0 large-vehicle
179.0 301.0 205.0 301.0 205.0 329.0 179.0 329.0 storage-tank
192.0 240.0 219.0 240.0 219.0 268.0 192.0 268.0 storage-tank
324.0 53.0 332.0 53.0 332.0 62.0 324.0 62.0 storage-tank
253.0 123.0 281.0 123.0 281.0 151.0 253.0 151.0 storage-tank
325.0 43.0 334.0 43.0 334.0 52.0 325.0 52.0 storage-tank
284.0 36.0 321.0 36.0 321.0 74.0 284.0 74.0 storage-tank
265.0 36.0 283.0 36.0 283.0 54.0 265.0 54.0 storage-tank
280.0 73.0 298.0 73.0 298.0 93.0 280.0 93.0 storage-tank
235.0 50.0 272.0 50.0 272.0 85.0 235.0 85.0 storage-tank
260.0 94.0 287.0 94.0 287.0 120.0 260.0 120.0 storage-tank
225.0 87.0 252.0 87.0 252.0 114.0 225.0 114.0 storage-tank
219.0 116.0 245.0 116.0 245.0 145.0 219.0 145.0 storage-tank
221.0 277.0 248.0 277.0 248.0 305.0 221.0 305.0 storage-tank
247.0 154.0 274.0 154.0 274.0 181.0 247.0 181.0 storage-tank
211.0 147.0 239.0 147.0 239.0 176.0 211.0 176.0 storage-tank
240.0 185.0 267.0 185.0 267.0 212.0 240.0 212.0 storage-tank
205.0 178.0 232.0 178.0 232.0 206.0 205.0 206.0 storage-tank
233.0 215.0 261.0 215.0 261.0 243.0 233.0 243.0 storage-tank
198.0 209.0 226.0 209.0 226.0 236.0 198.0 236.0 storage-tank
227.0 246.0 253.0 246.0 253.0 274.0 227.0 274.0 storage-tank
293.0 767.0 324.0 767.0 324.0 799.0 293.0 799.0 storage-tank
280.0 722.0 309.0 722.0 309.0 750.0 280.0 750.0 storage-tank
309.0 733.0 340.0 733.0 340.0 766.0 309.0 766.0 storage-tank
504.0 777.0 534.0 777.0 534.0 809.0 504.0 809.0 storage-tank
380.0 85.0 386.0 85.0 386.0 92.0 380.0 92.0 storage-tank
373.0 82.0 380.0 82.0 380.0 89.0 373.0 89.0 storage-tank
368.0 80.0 374.0 80.0 374.0 85.0 368.0 85.0 storage-tank
413.0 4.0 422.0 4.0 422.0 13.0 413.0 13.0 storage-tank
422.0 1.0 429.0 1.0 429.0 3.0 422.0 3.0 storage-tank
516.0 748.0 547.0 748.0 547.0 779.0 516.0 779.0 storage-tank
404.0 15.0 414.0 15.0 414.0 27.0 404.0 27.0 storage-tank
404.0 0.0 413.0 0.0 413.0 9.0 404.0 9.0 storage-tank
393.0 10.0 404.0 10.0 404.0 21.0 393.0 21.0 storage-tank
487.0 733.0 519.0 733.0 519.0 766.0 487.0 766.0 storage-tank
601.0 55.0 619.0 55.0 619.0 74.0 601.0 74.0 storage-tank
301.0 683.0 328.0 683.0 328.0 711.0 301.0 711.0 storage-tank
827.0 556.0 856.0 570.0 778.0 728.0 752.0 714.0 ship
169.0 884.0 174.0 885.0 165.0 905.0 161.0 903.0 large-vehicle
822.0 205.0 827.0 207.0 818.0 223.0 814.0 221.0 large-vehicle
853.0 146.0 857.0 148.0 848.0 165.0 844.0 163.0 large-vehicle
834.0 181.0 839.0 184.0 831.0 201.0 826.0 198.0 large-vehicle
881.0 448.0 897.0 455.0 856.0 541.0 839.0 533.0 ship
752.0 764.0 766.0 773.0 727.0 846.0 713.0 837.0 ship
710.0 840.0 696.0 834.0 734.0 759.0 749.0 766.0 ship
669.0 886.0 694.0 898.0 632.0 1023.0 603.0 1023.0 ship
592.0 74.0 609.0 74.0 609.0 91.0 592.0 91.0 storage-tank
640.0 30.0 652.0 30.0 652.0 41.0 640.0 41.0 storage-tank
629.0 23.0 640.0 23.0 640.0 35.0 629.0 35.0 storage-tank
618.0 17.0 628.0 17.0 628.0 28.0 618.0 28.0 storage-tank
620.0 66.0 637.0 66.0 637.0 82.0 620.0 82.0 storage-tank
611.0 83.0 629.0 83.0 629.0 101.0 611.0 101.0 storage-tank
629.0 47.0 646.0 47.0 646.0 65.0 629.0 65.0 storage-tank
609.0 37.0 627.0 37.0 627.0 55.0 609.0 55.0 storage-tank
395.0 1.0 404.0 1.0 404.0 5.0 395.0 5.0 storage-tank
416.0 828.0 447.0 828.0 447.0 861.0 416.0 861.0 storage-tank
327.0 692.0 357.0 692.0 357.0 725.0 327.0 725.0 storage-tank
464.0 809.0 495.0 809.0 495.0 841.0 464.0 841.0 storage-tank
433.0 793.0 464.0 793.0 464.0 827.0 433.0 827.0 storage-tank
402.0 778.0 433.0 778.0 433.0 811.0 402.0 811.0 storage-tank
371.0 763.0 402.0 763.0 402.0 796.0 371.0 796.0 storage-tank
340.0 748.0 371.0 748.0 371.0 781.0 340.0 781.0 storage-tank
447.0 843.0 477.0 843.0 477.0 875.0 447.0 875.0 storage-tank
385.0 814.0 416.0 814.0 416.0 847.0 385.0 847.0 storage-tank
354.0 798.0 385.0 798.0 385.0 831.0 354.0 831.0 storage-tank
324.0 783.0 354.0 783.0 354.0 815.0 324.0 815.0 storage-tank
410.0 876.0 460.0 876.0 460.0 925.0 410.0 925.0 storage-tank
361.0 852.0 409.0 852.0 409.0 901.0 361.0 901.0 storage-tank
363.0 970.0 388.0 970.0 388.0 996.0 363.0 996.0 storage-tank
346.0 956.0 364.0 956.0 364.0 975.0 346.0 975.0 storage-tank
316.0 653.0 343.0 653.0 343.0 680.0 316.0 680.0 storage-tank
356.0 707.0 387.0 707.0 387.0 739.0 356.0 739.0 storage-tank
340.0 663.0 372.0 663.0 372.0 694.0 340.0 694.0 storage-tank
369.0 677.0 401.0 677.0 401.0 709.0 369.0 709.0 storage-tank
399.0 690.0 430.0 690.0 430.0 724.0 399.0 724.0 storage-tank
383.0 6.0 393.0 6.0 393.0 17.0 383.0 17.0 storage-tank
387.0 1.0 395.0 1.0 395.0 1.0 387.0 1.0 storage-tank
371.0 0.0 383.0 0.0 383.0 12.0 371.0 12.0 storage-tank
473.0 764.0 504.0 764.0 504.0 796.0 473.0 796.0 storage-tank
458.0 718.0 490.0 718.0 490.0 752.0 458.0 752.0 storage-tank
443.0 750.0 475.0 750.0 475.0 783.0 443.0 783.0 storage-tank
429.0 704.0 461.0 704.0 461.0 737.0 429.0 737.0 storage-tank
413.0 735.0 447.0 735.0 447.0 769.0 413.0 769.0 storage-tank
384.0 722.0 416.0 722.0 416.0 754.0 384.0 754.0 storage-tank
