6 0.9730215827338129 0.8756345177664975 0.050359712230215826 0.04230118443316413
6 0.72931654676259 0.26988155668358715 0.019784172661870502 0.018612521150592216
6 0.7859712230215827 0.3206429780033841 0.025179856115107913 0.021996615905245348
6 0.7805755395683454 0.3130287648054145 0.025179856115107913 0.023688663282571912
6 0.7742805755395683 0.305414551607445 0.023381294964028777 0.021996615905245348
6 0.7598920863309353 0.29441624365482233 0.023381294964028777 0.023688663282571912
6 0.7517985611510791 0.2868020304568528 0.025179856115107913 0.021996615905245348
6 0.7473021582733813 0.27918781725888325 0.02697841726618705 0.023688663282571912
6 0.8003597122302158 0.2478849407783418 0.02877697841726619 0.025380710659898477
6 0.7931654676258992 0.24027072758037224 0.02877697841726619 0.02707275803722504
6 0.7886690647482014 0.23096446700507614 0.023381294964028777 0.021996615905245348
6 0.7814748201438849 0.22588832487309646 0.02697841726618705 0.025380710659898477
6 0.7733812949640287 0.21742808798646363 0.025179856115107913 0.021996615905245348
6 0.7688848920863309 0.21150592216582065 0.023381294964028777 0.02030456852791878
6 0.7589928057553957 0.20558375634517767 0.025179856115107913 0.021996615905245348
6 0.7410071942446043 0.2715736040609137 0.02877697841726619 0.025380710659898477
6 0.7266187050359713 0.2614213197969543 0.025179856115107913 0.021996615905245348
6 0.7598920863309353 0.35109983079526225 0.02697841726618705 0.025380710659898477
6 0.7203237410071942 0.25549915397631134 0.02697841726618705 0.023688663282571912
6 0.33723021582733814 0.5194585448392555 0.0341726618705036 0.0338409475465313
6 0.3462230215827338 0.5270727580372251 0.0341726618705036 0.032148900169204735
6 0.3534172661870504 0.5363790186125211 0.0341726618705036 0.030456852791878174
6 0.36151079136690645 0.5473773265651438 0.039568345323741004 0.038917089678511
6 0.37050359712230213 0.5558375634517766 0.03237410071942446 0.03553299492385787
6 0.38039568345323743 0.5634517766497462 0.03776978417266187 0.03722504230118443
6 0.3893884892086331 0.5710659898477157 0.0341726618705036 0.03553299492385787
6 0.39928057553956836 0.577834179357022 0.03237410071942446 0.03553299492385787
6 0.4055755395683453 0.5888324873096447 0.0341726618705036 0.0338409475465313
6 0.4172661870503597 0.5956006768189509 0.03237410071942446 0.030456852791878174
6 0.42535971223021585 0.6023688663282571 0.030575539568345324 0.02707275803722504
6 0.43255395683453235 0.6125211505922166 0.03776978417266187 0.0338409475465313
6 0.44244604316546765 0.6209813874788495 0.03597122302158273 0.0338409475465313
6 0.7940647482014388 0.32825719120135366 0.023381294964028777 0.02030456852791878
6 0.7697841726618705 0.3570219966159052 0.025179856115107913 0.023688663282571912
6 0.8983812949640287 0.9805414551607445 0.052158273381294966 0.03553299492385787
6 0.8345323741007195 0.3663282571912014 0.025179856115107913 0.021996615905245348
6 0.8489208633093526 0.29018612521150594 0.025179856115107913 0.021996615905245348
6 0.8372302158273381 0.27580372250423013 0.023381294964028777 0.02030456852791878
6 0.9127697841726619 0.4365482233502538 0.023381294964028777 0.023688663282571912
6 0.9046762589928058 0.4306260575296108 0.025179856115107913 0.025380710659898477
6 0.89568345323741 0.42470389170896783 0.025179856115107913 0.023688663282571912
6 0.8723021582733813 0.45854483925549916 0.02877697841726619 0.023688663282571912
6 0.862410071942446 0.4526226734348562 0.030575539568345324 0.028764805414551606
6 0.8830935251798561 0.4120135363790186 0.025179856115107913 0.021996615905245348
6 0.8785971223021583 0.4035532994923858 0.023381294964028777 0.021996615905245348
6 0.8705035971223022 0.3993231810490694 0.025179856115107913 0.023688663282571912
6 0.8615107913669064 0.3934010152284264 0.02158273381294964 0.021996615905245348
6 0.8588129496402878 0.3824027072758037 0.02697841726618705 0.02707275803722504
6 0.8489208633093526 0.37817258883248733 0.025179856115107913 0.025380710659898477
6 0.8426258992805755 0.37140439932318103 0.023381294964028777 0.025380710659898477
6 0.829136690647482 0.3587140439932318 0.025179856115107913 0.023688663282571912
6 0.7751798561151079 0.3663282571912014 0.02877697841726619 0.028764805414551606
6 0.8219424460431655 0.3536379018612521 0.02158273381294964 0.02030456852791878
6 0.8165467625899281 0.34517766497461927 0.02877697841726619 0.023688663282571912
6 0.8066546762589928 0.3409475465313029 0.023381294964028777 0.021996615905245348
6 0.8003597122302158 0.33417935702199664 0.02158273381294964 0.018612521150592216
6 0.8561151079136691 0.44416243654822335 0.02877697841726619 0.025380710659898477
6 0.8489208633093526 0.4365482233502538 0.02877697841726619 0.02707275803722504
6 0.8408273381294964 0.42978003384094754 0.02697841726618705 0.023688663282571912
6 0.835431654676259 0.42216582064297803 0.023381294964028777 0.021996615905245348
6 0.8192446043165468 0.4103214890016921 0.02697841726618705 0.025380710659898477
6 0.8111510791366906 0.4027072758037225 0.02877697841726619 0.02707275803722504
6 0.8039568345323741 0.39593908629441626 0.02877697841726619 0.02707275803722504
6 0.7994604316546763 0.38578680203045684 0.02697841726618705 0.023688663282571912
6 0.7904676258992805 0.3824027072758037 0.02697841726618705 0.02707275803722504
6 0.7814748201438849 0.37478849407783416 0.030575539568345324 0.028764805414551606
6 0.4505395683453237 0.6311336717428088 0.0341726618705036 0.0338409475465313
6 0.46223021582733814 0.6370558375634517 0.03237410071942446 0.032148900169204735
6 0.4748201438848921 0.6548223350253807 0.03597122302158273 0.0338409475465313
6 0.2185251798561151 0.4010152284263959 0.030575539568345324 0.030456852791878174
6 0.2778776978417266 0.5922165820642978 0.0341726618705036 0.0338409475465313
6 0.26798561151079137 0.5846023688663282 0.039568345323741004 0.03553299492385787
6 0.2589928057553957 0.5769881556683587 0.03597122302158273 0.03722504230118443
6 0.24820143884892087 0.5693739424703892 0.03237410071942446 0.032148900169204735
6 0.23651079136690648 0.562605752961083 0.030575539568345324 0.028764805414551606
6 0.2329136690647482 0.550761421319797 0.0341726618705036 0.032148900169204735
6 0.2239208633093525 0.5423011844331641 0.0341726618705036 0.03553299492385787
6 0.21492805755395683 0.5346869712351946 0.030575539568345324 0.030456852791878174
6 0.2077338129496403 0.5245346869712352 0.0341726618705036 0.0338409475465313
6 0.19154676258992806 0.5236886632825719 0.019784172661870502 0.021996615905245348
6 0.18525179856115107 0.511844331641286 0.02877697841726619 0.028764805414551606
6 0.18075539568345322 0.5025380710659898 0.030575539568345324 0.030456852791878174
6 0.17086330935251798 0.49238578680203043 0.03237410071942446 0.030456852791878174
6 0.20413669064748202 0.39593908629441626 0.030575539568345324 0.02707275803722504
6 0.22571942446043167 0.4103214890016921 0.030575539568345324 0.032148900169204735
6 0.48651079136690645 0.6624365482233503 0.030575539568345324 0.028764805414551606
6 0.23381294964028776 0.41878172588832485 0.03237410071942446 0.028764805414551606
6 0.24100719424460432 0.4272419627749577 0.03597122302158273 0.032148900169204735
6 0.25719424460431656 0.44754653130287647 0.039568345323741004 0.03553299492385787
6 0.25719424460431656 0.42978003384094754 0.017985611510791366 0.01692047377326565
6 0.27068345323741005 0.4517766497461929 0.02697841726618705 0.02707275803722504
6 0.2823741007194245 0.4703891708967851 0.039568345323741004 0.03722504230118443
6 0.29676258992805754 0.4763113367174281 0.02877697841726619 0.028764805414551606
6 0.30305755395683454 0.4856175972927242 0.0341726618705036 0.030456852791878174
6 0.3102517985611511 0.4966159052453469 0.0341726618705036 0.032148900169204735
6 0.3210431654676259 0.5025380710659898 0.030575539568345324 0.030456852791878174
6 0.6106115107913669 0.7115059221658206 0.0341726618705036 0.032148900169204735
6 0.5998201438848921 0.7055837563451777 0.030575539568345324 0.02707275803722504
6 0.5926258992805755 0.6971235194585449 0.030575539568345324 0.030456852791878174
6 0.585431654676259 0.6878172588832487 0.0341726618705036 0.032148900169204735
6 0.27967625899280574 0.6065989847715736 0.023381294964028777 0.021996615905245348
6 0.30035971223021585 0.6125211505922166 0.046762589928057555 0.043993231810490696
6 0.3120503597122302 0.6277495769881557 0.0341726618705036 0.0338409475465313
6 0.32823741007194246 0.643824027072758 0.0341726618705036 0.032148900169204735
6 0.49280575539568344 0.6734348561759729 0.03597122302158273 0.03722504230118443
6 0.5035971223021583 0.6793570219966159 0.02877697841726619 0.028764805414551606
6 0.5107913669064749 0.6878172588832487 0.03237410071942446 0.032148900169204735
6 0.5170863309352518 0.6971235194585449 0.030575539568345324 0.030456852791878174
6 0.5296762589928058 0.7038917089678511 0.0341726618705036 0.030456852791878174
6 0.5377697841726619 0.7123519458544839 0.03597122302158273 0.030456852791878174
6 0.545863309352518 0.7216582064297801 0.0341726618705036 0.032148900169204735
6 0.5557553956834532 0.7292724196277496 0.03237410071942446 0.030456852791878174
6 0.564748201438849 0.739424703891709 0.03597122302158273 0.0338409475465313
6 0.5710431654676259 0.748730964467005 0.030575539568345324 0.028764805414551606
6 0.5044964028776978 0.8079526226734348 0.03776978417266187 0.03553299492385787
6 0.49460431654676257 0.8020304568527918 0.03597122302158273 0.03722504230118443
6 0.4829136690647482 0.7961082910321489 0.030575539568345324 0.028764805414551606
6 0.4748201438848921 0.7859560067681896 0.02877697841726619 0.028764805414551606
6 0.4658273381294964 0.7791878172588832 0.03237410071942446 0.032148900169204735
6 0.4577338129496403 0.7698815566835872 0.030575539568345324 0.030456852791878174
6 0.4487410071942446 0.7631133671742809 0.02697841726618705 0.02707275803722504
6 0.4433453237410072 0.7521150592216582 0.03776978417266187 0.03553299492385787
6 0.4316546762589928 0.745346869712352 0.03237410071942446 0.032148900169204735
6 0.42356115107913667 0.7368866328257191 0.0341726618705036 0.032148900169204735
6 0.414568345323741 0.7301184433164128 0.030575539568345324 0.032148900169204735
6 0.40467625899280574 0.7191201353637902 0.02877697841726619 0.030456852791878174
6 0.3965827338129496 0.7131979695431472 0.030575539568345324 0.032148900169204735
6 0.3902877697841727 0.7013536379018612 0.03597122302158273 0.03553299492385787
6 0.38039568345323743 0.6937394247038917 0.0341726618705036 0.0338409475465313
6 0.36330935251798563 0.6776649746192893 0.03237410071942446 0.032148900169204735
6 0.3534172661870504 0.6692047377326565 0.0341726618705036 0.03553299492385787
6 0.34532374100719426 0.6607445008460237 0.03237410071942446 0.032148900169204735
6 0.3363309352517986 0.6531302876480541 0.03237410071942446 0.030456852791878174
6 0.8579136690647482 0.2969543147208122 0.02158273381294964 0.018612521150592216
6 0.8687050359712231 0.311336717428088 0.02877697841726619 0.02707275803722504
6 0.8848920863309353 0.32318104906937395 0.02158273381294964 0.02030456852791878
6 0.5611510791366906 0.10321489001692047 0.02877697841726619 0.023688663282571912
6 0.32014388489208634 0.1446700507614213 0.04316546762589928 0.04230118443316413
6 0.33093525179856115 0.13367174280879865 0.04316546762589928 0.04060913705583756
6 0.329136690647482 0.11844331641285956 0.02158273381294964 0.02030456852791878
6 0.3498201438848921 0.1218274111675127 0.052158273381294966 0.047377326565143825
6 0.35881294964028776 0.10744500846023688 0.044964028776978415 0.04230118443316413
6 0.36510791366906475 0.09475465313028765 0.03597122302158273 0.0338409475465313
6 0.37859712230215825 0.08798646362098139 0.04136690647482014 0.03722504230118443
6 0.4028776978417266 0.06598984771573604 0.03597122302158273 0.03722504230118443
6 0.41276978417266186 0.05668358714043993 0.0341726618705036 0.03553299492385787
6 0.4307553956834532 0.049069373942470386 0.048561151079136694 0.047377326565143825
6 0.43884892086330934 0.03468697123519458 0.039568345323741004 0.03553299492385787
6 0.4505395683453237 0.02622673434856176 0.044964028776978415 0.04230118443316413
6 0.5404676258992805 0.0829103214890017 0.02697841726618705 0.023688663282571912
6 0.5485611510791367 0.08967851099830795 0.02877697841726619 0.023688663282571912
6 0.5674460431654677 0.1116751269035533 0.023381294964028777 0.023688663282571912
6 0.30305755395683454 0.6971235194585449 0.04136690647482014 0.04060913705583756
6 0.11600719424460432 0.4120135363790186 0.04136690647482014 0.038917089678511
6 0.1420863309352518 0.4686971235194585 0.02877697841726619 0.030456852791878174
6 0.15467625899280577 0.47377326565143824 0.039568345323741004 0.04060913705583756
6 0.16007194244604317 0.48646362098138746 0.02877697841726619 0.028764805414551606
6 0.024280575539568347 0.41878172588832485 0.044964028776978415 0.04230118443316413
6 0.02068345323741007 0.43316412859560066 0.04136690647482014 0.050761421319796954
6 0.012589928057553957 0.44923857868020306 0.025179856115107913 0.03553299492385787
6 0.22302158273381295 0.6235194585448393 0.04316546762589928 0.04230118443316413
6 0.23471223021582735 0.6302876480541455 0.03776978417266187 0.03553299492385787
6 0.2446043165467626 0.6404399323181049 0.039568345323741004 0.038917089678511
6 0.25359712230215825 0.6505922165820643 0.039568345323741004 0.038917089678511
6 0.2670863309352518 0.6565143824027073 0.03776978417266187 0.03722504230118443
6 0.2751798561151079 0.6675126903553299 0.04316546762589928 0.03553299492385787
6 0.28327338129496404 0.6802030456852792 0.044964028776978415 0.04060913705583756
6 0.30845323741007197 0.15397631133671744 0.044964028776978415 0.043993231810490696
6 0.2976618705035971 0.1649746192893401 0.044964028776978415 0.04568527918781726
6 0.28776978417266186 0.17343485617597293 0.039568345323741004 0.038917089678511
6 0.2733812949640288 0.1785109983079526 0.03237410071942446 0.032148900169204735
12 0.6232014388489209 0.35617597292724196 0.38669064748201437 0.37055837563451777
12 0.5116906474820144 0.4517766497461929 0.37949640287769787 0.36209813874788493
12 0.4055755395683453 0.5499153976311336 0.37949640287769787 0.36548223350253806
12 0.29676258992805754 0.6514382402707276 0.381294964028777 0.36548223350253806
6 0.11510791366906475 0.5152284263959391 0.039568345323741004 0.03553299492385787
6 0.09262589928057553 0.5 0.044964028776978415 0.04230118443316413
6 0.13309352517985612 0.5363790186125211 0.04316546762589928 0.04060913705583756
6 0.14388489208633093 0.544839255499154 0.039568345323741004 0.03722504230118443
6 0.1528776978417266 0.5558375634517766 0.046762589928057555 0.04230118443316413
6 0.164568345323741 0.565989847715736 0.04136690647482014 0.038917089678511
6 0.17086330935251798 0.5769881556683587 0.046762589928057555 0.043993231810490696
6 0.18525179856115107 0.5829103214890017 0.03597122302158273 0.038917089678511
6 0.19424460431654678 0.5947546531302876 0.039568345323741004 0.04230118443316413
6 0.2077338129496403 0.5998307952622673 0.0341726618705036 0.03553299492385787
6 0.2158273381294964 0.6099830795262268 0.03597122302158273 0.03553299492385787
6 0.11780575539568346 0.32741116751269034 0.04136690647482014 0.038917089678511
6 0.12679856115107913 0.3164128595600677 0.03776978417266187 0.0338409475465313
6 0.13848920863309352 0.305414551607445 0.04316546762589928 0.03553299492385787
6 0.1447841726618705 0.2952622673434856 0.03776978417266187 0.032148900169204735
6 0.16007194244604317 0.29018612521150594 0.046762589928057555 0.04568527918781726
6 0.17535971223021582 0.2817258883248731 0.048561151079136694 0.04230118443316413
6 0.18525179856115107 0.2639593908629442 0.039568345323741004 0.03722504230118443
6 0.19964028776978418 0.2571912013536379 0.04316546762589928 0.043993231810490696
6 0.20863309352517986 0.24027072758037224 0.039568345323741004 0.03722504230118443
6 0.21942446043165467 0.22842639593908629 0.03597122302158273 0.0338409475465313
6 0.2383093525179856 0.21150592216582065 0.0341726618705036 0.030456852791878174
6 0.2526978417266187 0.20727580372250423 0.048561151079136694 0.04230118443316413
6 0.256294964028777 0.19204737732656516 0.030575539568345324 0.028764805414551606
6 0.2643884892086331 0.1844331641285956 0.03237410071942446 0.030456852791878174
6 0.29406474820143885 0.6869712351945855 0.04136690647482014 0.04060913705583756
6 0.31384892086330934 0.7055837563451777 0.04136690647482014 0.04060913705583756
6 0.8965827338129496 0.33671742808798644 0.02697841726618705 0.023688663282571912
6 0.8732014388489209 0.7732656514382402 0.048561151079136694 0.050761421319796954
6 0.6951438848920863 0.8510998307952623 0.0341726618705036 0.030456852791878174
6 0.7059352517985612 0.8417935702199661 0.030575539568345324 0.028764805414551606
6 0.7140287769784173 0.8993231810490694 0.03237410071942446 0.032148900169204735
6 0.7302158273381295 0.9196277495769881 0.03237410071942446 0.018612521150592216
6 0.7356115107913669 0.937394247038917 0.025179856115107913 0.023688663282571912
6 0.7769784172661871 0.8494077834179357 0.0539568345323741 0.050761421319796954
6 0.7742805755395683 0.8900169204737732 0.04136690647482014 0.03722504230118443
6 0.7338129496402878 0.8849407783417935 0.06115107913669065 0.06091370558375635
6 0.7994604316546763 0.9086294416243654 0.008992805755395683 0.01692047377326565
6 0.8057553956834532 0.8147208121827412 0.046762589928057555 0.04230118443316413
6 0.8201438848920863 0.8079526226734348 0.050359712230215826 0.04568527918781726
6 0.8309352517985612 0.7986463620981388 0.04316546762589928 0.043993231810490696
6 0.8435251798561151 0.7893401015228426 0.046762589928057555 0.04568527918781726
6 0.8570143884892086 0.7800338409475466 0.048561151079136694 0.050761421319796954
6 0.8812949640287769 0.7580372250423012 0.050359712230215826 0.047377326565143825
6 0.3237410071942446 0.7157360406091371 0.039568345323741004 0.04060913705583756
6 0.8884892086330936 0.7419627749576988 0.04316546762589928 0.04230118443316413
6 0.9019784172661871 0.733502538071066 0.05575539568345324 0.049069373942470386
6 0.9163669064748201 0.7241962774957699 0.05935251798561151 0.05414551607445008
6 0.9226618705035972 0.7089678510998308 0.046762589928057555 0.04060913705583756
6 0.9379496402877698 0.7013536379018612 0.048561151079136694 0.04568527918781726
6 0.9496402877697842 0.6912013536379019 0.039568345323741004 0.038917089678511
6 0.954136690647482 0.676818950930626 0.04136690647482014 0.03722504230118443
6 0.9658273381294964 0.6692047377326565 0.046762589928057555 0.04230118443316413
6 0.9739208633093526 0.6556683587140439 0.03776978417266187 0.03553299492385787
6 0.9550359712230215 0.39593908629441626 0.02877697841726619 0.02707275803722504
6 0.9424460431654677 0.38071065989847713 0.025179856115107913 0.023688663282571912
6 0.9244604316546763 0.3637901861252115 0.025179856115107913 0.023688663282571912
6 0.9154676258992805 0.3587140439932318 0.025179856115107913 0.02707275803722504
6 0.9100719424460432 0.3494077834179357 0.02877697841726619 0.025380710659898477
6 0.7383093525179856 0.799492385786802 0.02697841726618705 0.025380710659898477
6 0.75 0.7868020304568528 0.03597122302158273 0.0338409475465313
6 0.7230215827338129 0.7791878172588832 0.03597122302158273 0.032148900169204735
6 0.6906474820143885 0.7470389170896785 0.025179856115107913 0.025380710659898477
6 0.3345323741007194 0.7241962774957699 0.039568345323741004 0.04060913705583756
6 0.3435251798561151 0.7326565143824028 0.039568345323741004 0.03722504230118443
6 0.35251798561151076 0.7428087986463621 0.039568345323741004 0.03722504230118443
6 0.36241007194244607 0.7504230118443317 0.03776978417266187 0.03553299492385787
6 0.3723021582733813 0.7639593908629442 0.039568345323741004 0.038917089678511
6 0.38219424460431656 0.7732656514382402 0.04136690647482014 0.03722504230118443
6 0.39388489208633093 0.7808798646362098 0.039568345323741004 0.03553299492385787
6 0.4010791366906475 0.7944162436548223 0.04316546762589928 0.04230118443316413
6 0.4136690647482014 0.8011844331641286 0.039568345323741004 0.038917089678511
6 0.42176258992805754 0.8130287648054145 0.04136690647482014 0.04230118443316413
6 0.43255395683453235 0.8206429780033841 0.04136690647482014 0.04060913705583756
6 0.4505395683453237 0.8392554991539763 0.03776978417266187 0.03722504230118443
6 0.44244604316546765 0.8307952622673435 0.03597122302158273 0.0338409475465313
6 0.46223021582733814 0.8485617597292724 0.039568345323741004 0.038917089678511
6 0.46402877697841727 0.8942470389170897 0.0539568345323741 0.049069373942470386
6 0.29136690647482016 0.9137055837563451 0.03237410071942446 0.030456852791878174
6 0.3066546762589928 0.9196277495769881 0.05935251798561151 0.05583756345177665
6 0.2589928057553957 0.8942470389170897 0.025179856115107913 0.025380710659898477
6 0.22482014388489208 0.9458544839255499 0.02158273381294964 0.02030456852791878
6 0.3102517985611511 0.9365482233502538 0.044964028776978415 0.038917089678511
6 0.3300359712230216 0.9619289340101523 0.052158273381294966 0.038917089678511
6 0.335431654676259 0.9746192893401016 0.052158273381294966 0.03722504230118443
6 0.3435251798561151 0.9839255499153976 0.0539568345323741 0.028764805414551606
6 0.6160071942446043 0.8917089678510999 0.02697841726618705 0.02030456852791878
6 0.5890287769784173 0.8333333333333334 0.04136690647482014 0.04568527918781726
6 0.6061151079136691 0.8197969543147208 0.039568345323741004 0.04230118443316413
6 0.6232014388489209 0.8020304568527918 0.03776978417266187 0.03722504230118443
6 0.7113309352517986 0.7656514382402707 0.0341726618705036 0.032148900169204735
6 0.6960431654676259 0.7377326565143824 0.03597122302158273 0.0338409475465313
6 0.5755395683453237 0.6793570219966159 0.03237410071942446 0.032148900169204735
6 0.5665467625899281 0.6700507614213198 0.03597122302158273 0.0338409475465313
6 0.5575539568345323 0.6624365482233503 0.03237410071942446 0.032148900169204735
6 0.5593525179856115 0.2622673434856176 0.03237410071942446 0.02707275803722504
6 0.704136690647482 0.4027072758037225 0.02697841726618705 0.02707275803722504
6 0.6960431654676259 0.39678510998307953 0.025179856115107913 0.025380710659898477
6 0.6879496402877698 0.3917089678510998 0.023381294964028777 0.025380710659898477
6 0.6825539568345323 0.383248730964467 0.02697841726618705 0.025380710659898477
6 0.6744604316546763 0.3756345177664975 0.02877697841726619 0.02707275803722504
6 0.6618705035971223 0.3629441624365482 0.02877697841726619 0.028764805414551606
6 0.6537769784172662 0.3544839255499154 0.02697841726618705 0.025380710659898477
6 0.64568345323741 0.3477157360406091 0.02877697841726619 0.028764805414551606
6 0.6393884892086331 0.338409475465313 0.030575539568345324 0.02707275803722504
6 0.6169064748201439 0.3206429780033841 0.03237410071942446 0.028764805414551606
6 0.6025179856115108 0.30456852791878175 0.02877697841726619 0.030456852791878174
6 0.5926258992805755 0.3011844331641286 0.023381294964028777 0.023688663282571912
6 0.5863309352517986 0.2918781725888325 0.02877697841726619 0.028764805414551606
6 0.5665467625899281 0.26988155668358715 0.02877697841726619 0.025380710659898477
6 0.5503597122302158 0.2571912013536379 0.02877697841726619 0.023688663282571912
6 0.5845323741007195 0.12436548223350254 0.02877697841726619 0.021996615905245348
6 0.5422661870503597 0.25042301184433163 0.02697841726618705 0.023688663282571912
6 0.5377697841726619 0.24111675126903553 0.02877697841726619 0.025380710659898477
6 0.5314748201438849 0.233502538071066 0.02697841726618705 0.02707275803722504
6 0.5089928057553957 0.11252115059221658 0.02877697841726619 0.028764805414551606
6 0.5287769784172662 0.1218274111675127 0.02158273381294964 0.02030456852791878
6 0.533273381294964 0.1311336717428088 0.023381294964028777 0.021996615905245348
6 0.5611510791366906 0.16328257191201354 0.02877697841726619 0.028764805414551606
6 0.5692446043165468 0.17089678510998307 0.02697841726618705 0.02707275803722504
6 0.5773381294964028 0.17766497461928935 0.02877697841726619 0.02707275803722504
6 0.5899280575539568 0.19035532994923857 0.02877697841726619 0.025380710659898477
6 0.5971223021582733 0.19712351945854484 0.02877697841726619 0.025380710659898477
6 0.6115107913669064 0.21489001692047377 0.03237410071942446 0.0338409475465313
6 0.6276978417266187 0.22504230118443316 0.025179856115107913 0.023688663282571912
6 0.6348920863309353 0.2326565143824027 0.025179856115107913 0.025380710659898477
6 0.7113309352517986 0.41116751269035534 0.02697841726618705 0.02707275803722504
6 0.7212230215827338 0.4170896785109983 0.02877697841726619 0.028764805414551606
6 0.7320143884892086 0.43316412859560066 0.025179856115107913 0.023688663282571912
6 0.7419064748201439 0.43908629441624364 0.02697841726618705 0.025380710659898477
6 0.5863309352517986 0.35617597292724196 0.03237410071942446 0.032148900169204735
6 0.6034172661870504 0.3730964467005076 0.0341726618705036 0.032148900169204735
6 0.6133093525179856 0.38071065989847713 0.03237410071942446 0.030456852791878174
6 0.6196043165467626 0.3934010152284264 0.0341726618705036 0.03553299492385787
6 0.6321942446043165 0.39678510998307953 0.030575539568345324 0.028764805414551606
6 0.6366906474820144 0.4103214890016921 0.03237410071942446 0.03553299492385787
6 0.6492805755395683 0.41455160744500846 0.03237410071942446 0.030456852791878174
6 0.6555755395683454 0.4230118443316413 0.0341726618705036 0.030456852791878174
6 0.664568345323741 0.43147208121827413 0.0341726618705036 0.0338409475465313
6 0.6735611510791367 0.4373942470389171 0.030575539568345324 0.028764805414551606
6 0.685251798561151 0.44754653130287647 0.03237410071942446 0.032148900169204735
6 0.6924460431654677 0.4560067681895093 0.03237410071942446 0.028764805414551606
6 0.6996402877697842 0.4653130287648054 0.03597122302158273 0.0338409475465313
6 0.7086330935251799 0.4746192893401015 0.03597122302158273 0.032148900169204735
6 0.7194244604316546 0.4805414551607445 0.02877697841726619 0.030456852791878174
6 0.7266187050359713 0.48984771573604063 0.03237410071942446 0.032148900169204735
6 0.7329136690647482 0.5 0.03776978417266187 0.03553299492385787
6 0.7473021582733813 0.5050761421319797 0.02697841726618705 0.021996615905245348
6 0.7526978417266187 0.5160744500846024 0.0341726618705036 0.0338409475465313
6 0.7697841726618705 0.5329949238578681 0.03597122302158273 0.0338409475465313
6 0.7787769784172662 0.5406091370558376 0.03237410071942446 0.032148900169204735
6 0.8165467625899281 0.5093062605752962 0.025179856115107913 0.02707275803722504
6 0.8093525179856115 0.4602368866328257 0.025179856115107913 0.023688663282571912
6 0.7940647482014388 0.48815566835871405 0.030575539568345324 0.028764805414551606
6 0.7868705035971223 0.4805414551607445 0.030575539568345324 0.030456852791878174
6 0.7769784172661871 0.4763113367174281 0.025179856115107913 0.025380710659898477
6 0.77068345323741 0.467005076142132 0.02697841726618705 0.02707275803722504
6 0.7544964028776978 0.45516074450084604 0.023381294964028777 0.023688663282571912
6 0.75 0.44585448392554994 0.02877697841726619 0.028764805414551606
6 0.5755395683453237 0.11844331641285956 0.025179856115107913 0.02030456852791878
6 0.5953237410071942 0.1362098138747885 0.025179856115107913 0.021996615905245348
6 0.5692446043165468 0.338409475465313 0.030575539568345324 0.030456852791878174
6 0.19964028776978418 0.7876480541455161 0.039568345323741004 0.038917089678511
6 0.0368705035971223 0.6311336717428088 0.05575539568345324 0.050761421319796954
6 0.046762589928057555 0.6480541455160744 0.039568345323741004 0.0338409475465313
6 0.05845323741007194 0.6582064297800339 0.04136690647482014 0.03722504230118443
6 0.07733812949640288 0.6751269035532995 0.039568345323741004 0.03722504230118443
6 0.09082733812949641 0.6844331641285956 0.04136690647482014 0.038917089678511
6 0.09712230215827339 0.6962774957698815 0.039568345323741004 0.03553299492385787
6 0.10971223021582734 0.7038917089678511 0.04316546762589928 0.04060913705583756
6 0.11151079136690648 0.7191201353637902 0.025179856115107913 0.023688663282571912
6 0.1357913669064748 0.7318104906937394 0.04136690647482014 0.038917089678511
6 0.14658273381294964 0.7411167512690355 0.04136690647482014 0.03722504230118443
6 0.15467625899280577 0.7529610829103215 0.03597122302158273 0.0338409475465313
6 0.16097122302158273 0.7631133671742809 0.0341726618705036 0.0338409475465313
6 0.17625899280575538 0.7690355329949239 0.039568345323741004 0.038917089678511
6 0.18705035971223022 0.7791878172588832 0.03597122302158273 0.038917089678511
6 0.20593525179856115 0.799492385786802 0.04136690647482014 0.038917089678511
6 0.6025179856115108 0.14297800338409475 0.025179856115107913 0.021996615905245348
6 0.210431654676259 0.8121827411167513 0.03597122302158273 0.0338409475465313
6 0.22571942446043167 0.8164128595600677 0.044964028776978415 0.04230118443316413
6 0.2383093525179856 0.8257191201353637 0.048561151079136694 0.043993231810490696
6 0.24640287769784172 0.8392554991539763 0.039568345323741004 0.03722504230118443
6 0.26169064748201437 0.8587140439932318 0.03776978417266187 0.032148900169204735
6 0.9730215827338129 0.8908629441624365 0.050359712230215826 0.03553299492385787
6 0.9685251798561151 0.9060913705583756 0.052158273381294966 0.03553299492385787
6 0.9550359712230215 0.9153976311336718 0.0539568345323741 0.04060913705583756
6 0.947841726618705 0.928087986463621 0.050359712230215826 0.03553299492385787
6 0.9343525179856115 0.937394247038917 0.05575539568345324 0.04060913705583756
6 0.9262589928057554 0.9500846023688664 0.05755395683453238 0.04230118443316413
6 0.9235611510791367 0.9670050761421319 0.04136690647482014 0.032148900169204735
6 0.9091726618705036 0.9737732656514383 0.052158273381294966 0.04230118443316413
6 0.8785971223021583 0.9839255499153976 0.048561151079136694 0.028764805414551606
6 0.658273381294964 0.10998307952622674 0.02877697841726619 0.02707275803722504
6 0.6663669064748201 0.11505922165820642 0.02697841726618705 0.023688663282571912
6 0.670863309352518 0.12351945854483926 0.02877697841726619 0.023688663282571912
6 0.6789568345323741 0.1311336717428088 0.02697841726618705 0.025380710659898477
6 0.6070143884892086 0.15228426395939088 0.019784172661870502 0.02030456852791878
6 0.6241007194244604 0.16243654822335024 0.025179856115107913 0.023688663282571912
6 0.6303956834532374 0.1700507614213198 0.023381294964028777 0.021996615905245348
6 0.6438848920863309 0.18189509306260576 0.025179856115107913 0.021996615905245348
6 0.6519784172661871 0.1895093062605753 0.02697841726618705 0.023688663282571912
6 0.6600719424460432 0.19458544839255498 0.02877697841726619 0.023688663282571912
6 0.6726618705035972 0.2089678510998308 0.02877697841726619 0.025380710659898477
6 0.6780575539568345 0.2140439932318105 0.025179856115107913 0.021996615905245348
6 0.685251798561151 0.22081218274111675 0.02877697841726619 0.025380710659898477
6 0.6906474820143885 0.22758037225042302 0.025179856115107913 0.021996615905245348
6 0.6996402877697842 0.233502538071066 0.02877697841726619 0.02707275803722504
6 0.7059352517985612 0.24196277495769883 0.02697841726618705 0.023688663282571912
6 0.7131294964028777 0.24873096446700507 0.023381294964028777 0.02030456852791878
6 0.6429856115107914 0.23942470389170897 0.02697841726618705 0.025380710659898477
6 0.6501798561151079 0.24619289340101522 0.02697841726618705 0.025380710659898477
6 0.6573741007194245 0.2521150592216582 0.02697841726618705 0.023688663282571912
6 0.6663669064748201 0.25972927241962773 0.023381294964028777 0.021996615905245348
6 0.6717625899280576 0.2673434856175973 0.02697841726618705 0.02707275803722504
6 0.6924460431654677 0.28849407783417935 0.02877697841726619 0.028764805414551606
6 0.7023381294964028 0.2961082910321489 0.023381294964028777 0.023688663282571912
6 0.7086330935251799 0.30287648054145516 0.025179856115107913 0.023688663282571912
6 0.7158273381294964 0.31049069373942473 0.025179856115107913 0.025380710659898477
6 0.7239208633093526 0.31725888324873097 0.02697841726618705 0.025380710659898477
6 0.7311151079136691 0.3240270727580372 0.02697841726618705 0.021996615905245348
6 0.7383093525179856 0.3316412859560068 0.030575539568345324 0.02707275803722504
6 0.7526978417266187 0.3426395939086294 0.02697841726618705 0.025380710659898477
6 0.7032374100719424 0.1463620981387479 0.02158273381294964 0.018612521150592216
6 0.6942446043165468 0.14297800338409475 0.025179856115107913 0.025380710659898477
6 0.6861510791366906 0.13705583756345177 0.02697841726618705 0.02707275803722504
6 0.5764388489208633 0.34856175972927245 0.030575539568345324 0.030456852791878174
6 0.5584532374100719 0.33248730964467005 0.0341726618705036 0.032148900169204735
6 0.5503597122302158 0.6531302876480541 0.03597122302158273 0.0338409475465313
6 0.5071942446043165 0.4780033840947547 0.02877697841726619 0.028764805414551606
6 0.36510791366906475 0.34517766497461927 0.03597122302158273 0.030456852791878174
6 0.3723021582733813 0.35617597292724196 0.039568345323741004 0.03553299492385787
6 0.3830935251798561 0.3646362098138748 0.03597122302158273 0.032148900169204735
6 0.3920863309352518 0.3739424703891709 0.039568345323741004 0.03722504230118443
6 0.4028776978417266 0.3790186125211506 0.02877697841726619 0.030456852791878174
6 0.4181654676258993 0.3976311336717428 0.0341726618705036 0.0338409475465313
6 0.4289568345323741 0.4069373942470389 0.04136690647482014 0.038917089678511
6 0.4460431654676259 0.42047377326565144 0.03237410071942446 0.032148900169204735
6 0.4550359712230216 0.42978003384094754 0.03237410071942446 0.0338409475465313
6 0.46492805755395683 0.4365482233502538 0.030575539568345324 0.02707275803722504
6 0.4712230215827338 0.4467005076142132 0.03597122302158273 0.0338409475465313
6 0.47931654676258995 0.4560067681895093 0.0341726618705036 0.032148900169204735
6 0.4892086330935252 0.46446700507614214 0.02877697841726619 0.028764805414551606
6 0.49910071942446044 0.4703891708967851 0.030575539568345324 0.030456852791878174
6 0.5143884892086331 0.4890016920473773 0.03597122302158273 0.0338409475465313
6 0.6618705035971223 0.631979695431472 0.03597122302158273 0.03553299492385787
6 0.5251798561151079 0.49746192893401014 0.03237410071942446 0.030456852791878174
6 0.533273381294964 0.5050761421319797 0.030575539568345324 0.032148900169204735
6 0.5494604316546763 0.5076142131979695 0.019784172661870502 0.02030456852791878
6 0.5512589928057554 0.5203045685279187 0.0341726618705036 0.028764805414551606
6 0.5593525179856115 0.5296108291032149 0.03597122302158273 0.030456852791878174
6 0.5683453237410072 0.5372250423011844 0.02877697841726619 0.028764805414551606
6 0.5755395683453237 0.544839255499154 0.03237410071942446 0.030456852791878174
6 0.585431654676259 0.5516074450084603 0.02697841726618705 0.02707275803722504
6 0.5935251798561151 0.562605752961083 0.03597122302158273 0.028764805414551606
6 0.60431654676259 0.5710659898477157 0.03597122302158273 0.028764805414551606
6 0.6106115107913669 0.5829103214890017 0.0341726618705036 0.032148900169204735
6 0.6303956834532374 0.5947546531302876 0.030575539568345324 0.028764805414551606
6 0.6384892086330936 0.6057529610829103 0.03237410071942446 0.030456852791878174
6 0.6474820143884892 0.6150592216582065 0.03597122302158273 0.032148900169204735
6 0.35881294964028776 0.3350253807106599 0.030575539568345324 0.02707275803722504
6 0.3498201438848921 0.32741116751269034 0.0341726618705036 0.032148900169204735
6 0.3408273381294964 0.3197969543147208 0.0341726618705036 0.0338409475465313
6 0.3300359712230216 0.3130287648054145 0.03776978417266187 0.0338409475465313
6 0.5413669064748201 0.6455160744500846 0.03237410071942446 0.032148900169204735
6 0.5314748201438849 0.637901861252115 0.0341726618705036 0.030456852791878174
6 0.5215827338129496 0.6302876480541455 0.02877697841726619 0.028764805414551606
6 0.5170863309352518 0.616751269035533 0.03776978417266187 0.03553299492385787
6 0.4982014388489209 0.6032148900169205 0.03597122302158273 0.03553299492385787
6 0.48830935251798563 0.5956006768189509 0.0341726618705036 0.030456852791878174
6 0.48111510791366907 0.5862944162436549 0.0341726618705036 0.032148900169204735
6 0.4739208633093525 0.5761421319796954 0.03776978417266187 0.03553299492385787
6 0.46402877697841727 0.5676818950930627 0.03597122302158273 0.03553299492385787
6 0.45143884892086333 0.5609137055837563 0.03237410071942446 0.032148900169204735
6 0.4370503597122302 0.5439932318104906 0.03237410071942446 0.032148900169204735
6 0.427158273381295 0.5380710659898477 0.030575539568345324 0.030456852791878174
6 0.4181654676258993 0.5279187817258884 0.0341726618705036 0.030456852791878174
6 0.4118705035971223 0.5177664974619289 0.03597122302158273 0.0338409475465313
6 0.4001798561151079 0.511844331641286 0.030575539568345324 0.028764805414551606
6 0.38039568345323743 0.4966159052453469 0.02697841726618705 0.025380710659898477
6 0.3776978417266187 0.4856175972927242 0.03597122302158273 0.030456852791878174
6 0.3660071942446043 0.47884940778341795 0.0341726618705036 0.030456852791878174
6 0.3606115107913669 0.46615905245346867 0.04136690647482014 0.038917089678511
6 0.3489208633093525 0.4602368866328257 0.03237410071942446 0.0338409475465313
6 0.3318345323741007 0.44416243654822335 0.0341726618705036 0.032148900169204735
6 0.32194244604316546 0.4373942470389171 0.03237410071942446 0.028764805414551606
6 0.30755395683453235 0.4179357021996616 0.03597122302158273 0.0338409475465313
6 0.29676258992805754 0.4103214890016921 0.03237410071942446 0.028764805414551606
6 0.28776978417266186 0.4027072758037225 0.03237410071942446 0.030456852791878174
6 0.2805755395683453 0.3917089678510998 0.03597122302158273 0.03553299492385787
6 0.26258992805755393 0.377326565143824 0.03237410071942446 0.0338409475465313
6 0.3192446043165468 0.29018612521150594 0.02697841726618705 0.021996615905245348
6 0.3237410071942446 0.3020304568527919 0.03597122302158273 0.032148900169204735
6 0.6555755395683454 0.6218274111675127 0.0341726618705036 0.032148900169204735
6 0.6726618705035972 0.6362098138747885 0.03237410071942446 0.02707275803722504
6 0.5404676258992805 0.3155668358714044 0.03776978417266187 0.03553299492385787
6 0.4973021582733813 0.20642978003384094 0.02697841726618705 0.02707275803722504
6 0.41097122302158273 0.3197969543147208 0.030575539568345324 0.0338409475465313
6 0.40467625899280574 0.3079526226734349 0.03597122302158273 0.0338409475465313
6 0.39388489208633093 0.30372250423011843 0.02877697841726619 0.028764805414551606
6 0.38669064748201437 0.29441624365482233 0.03237410071942446 0.030456852791878174
6 0.37859712230215825 0.2859560067681895 0.0341726618705036 0.0338409475465313
6 0.37050359712230213 0.2766497461928934 0.03597122302158273 0.032148900169204735
6 0.36151079136690645 0.2673434856175973 0.03237410071942446 0.030456852791878174
6 0.35071942446043164 0.26057529610829105 0.03597122302158273 0.0338409475465313
6 0.420863309352518 0.19627749576988154 0.03237410071942446 0.030456852791878174
6 0.45593525179856115 0.16328257191201354 0.030575539568345324 0.028764805414551606
6 0.4631294964028777 0.1692047377326565 0.030575539568345324 0.02707275803722504
6 0.4676258992805755 0.17681895093062605 0.02877697841726619 0.028764805414551606
6 0.47302158273381295 0.18781725888324874 0.02158273381294964 0.02030456852791878
6 0.4847122302158273 0.19035532994923857 0.02697841726618705 0.025380710659898477
6 0.5071942446043165 0.21150592216582065 0.02877697841726619 0.02707275803722504
6 0.6780575539568345 0.6480541455160744 0.039568345323741004 0.03722504230118443
6 0.4460431654676259 0.22165820642978004 0.03237410071942446 0.030456852791878174
6 0.454136690647482 0.23011844331641285 0.030575539568345324 0.030456852791878174
6 0.4631294964028777 0.23942470389170897 0.0341726618705036 0.032148900169204735
6 0.47302158273381295 0.2478849407783418 0.03237410071942446 0.032148900169204735
6 0.4802158273381295 0.2571912013536379 0.02877697841726619 0.030456852791878174
6 0.4892086330935252 0.2639593908629442 0.03237410071942446 0.0338409475465313
6 0.5134892086330936 0.22081218274111675 0.02697841726618705 0.025380710659898477
6 0.5197841726618705 0.22927241962774958 0.025179856115107913 0.025380710659898477
6 0.49640287769784175 0.27411167512690354 0.039568345323741004 0.03722504230118443
6 0.5089928057553957 0.2800338409475465 0.03237410071942446 0.028764805414551606
6 0.5161870503597122 0.28849407783417935 0.03237410071942446 0.028764805414551606
6 0.5242805755395683 0.2952622673434856 0.030575539568345324 0.028764805414551606
6 0.5341726618705036 0.30456852791878175 0.03237410071942446 0.030456852791878174
6 0.5494604316546763 0.32318104906937395 0.0341726618705036 0.0338409475465313
6 0.420863309352518 0.3299492385786802 0.03237410071942446 0.030456852791878174
6 0.4307553956834532 0.33671742808798644 0.03776978417266187 0.0338409475465313
6 0.43615107913669066 0.3460236886632826 0.023381294964028777 0.021996615905245348
6 0.44694244604316546 0.35279187817258884 0.0341726618705036 0.032148900169204735
6 0.7185251798561151 0.61082910321489 0.0341726618705036 0.0338409475465313
6 0.7095323741007195 0.6040609137055838 0.0341726618705036 0.0338409475465313
6 0.7005395683453237 0.5956006768189509 0.0341726618705036 0.0338409475465313
6 0.6915467625899281 0.5862944162436549 0.0341726618705036 0.03553299492385787
6 0.6843525179856115 0.5761421319796954 0.03776978417266187 0.03553299492385787
6 0.6753597122302158 0.5693739424703892 0.0341726618705036 0.032148900169204735
6 0.6672661870503597 0.560067681895093 0.03237410071942446 0.030456852791878174
6 0.6564748201438849 0.5549915397631133 0.02877697841726619 0.02707275803722504
6 0.6474820143884892 0.5473773265651438 0.02877697841726619 0.028764805414551606
6 0.6330935251798561 0.5279187817258884 0.03597122302158273 0.0338409475465313
6 0.6223021582733813 0.5219966159052454 0.03237410071942446 0.032148900169204735
6 0.6142086330935251 0.5109983079526227 0.0341726618705036 0.0338409475465313
6 0.60431654676259 0.5042301184433164 0.03597122302158273 0.0338409475465313
6 0.5953237410071942 0.4957698815566836 0.03237410071942446 0.030456852791878174
6 0.5881294964028777 0.4856175972927242 0.03237410071942446 0.0338409475465313
6 0.5773381294964028 0.47884940778341795 0.02877697841726619 0.0338409475465313
6 0.5683453237410072 0.4720812182741117 0.03237410071942446 0.030456852791878174
6 0.5593525179856115 0.4576988155668359 0.046762589928057555 0.04230118443316413
6 0.5467625899280576 0.4433164128595601 0.025179856115107913 0.023688663282571912
6 0.5341726618705036 0.43824027072758037 0.03237410071942446 0.030456852791878174
6 0.5260791366906474 0.4263959390862944 0.0341726618705036 0.0338409475465313
6 0.5170863309352518 0.4196277495769882 0.030575539568345324 0.030456852791878174
6 0.5080935251798561 0.41116751269035534 0.0341726618705036 0.0338409475465313
6 0.4982014388489209 0.4035532994923858 0.03237410071942446 0.032148900169204735
6 0.49280575539568344 0.39509306260575294 0.03237410071942446 0.032148900169204735
6 0.48381294964028776 0.3866328257191201 0.03597122302158273 0.03553299492385787
6 0.4721223021582734 0.37986463620981387 0.02697841726618705 0.025380710659898477
6 0.46492805755395683 0.3688663282571912 0.0341726618705036 0.0338409475465313
6 0.4568345323741007 0.3595600676818951 0.03237410071942446 0.032148900169204735
12 0.7077338129496403 0.2732656514382403 0.38669064748201437 0.36717428087986465
