3 0.6782608695652174 0.7341678939617083 0.4670807453416149 0.44329896907216493
13 0.7341614906832298 0.5316642120765832 0.08944099378881988 0.09425625920471281
7 0.21739130434782608 0.39764359351988215 0.04720496894409938 0.07363770250368189
13 0.21428571428571427 0.2820324005891016 0.02111801242236025 0.030927835051546393
7 0.17391304347826086 0.4521354933726068 0.062111801242236024 0.055964653902798235
13 0.33540372670807456 0.0662739322533137 0.024844720496894408 0.035346097201767304
13 0.1826086956521739 0.37702503681885124 0.014906832298136646 0.03240058910162003
13 0.16211180124223604 0.49189985272459497 0.03850931677018633 0.03829160530191458
13 0.1422360248447205 0.5176730486008837 0.031055900621118012 0.025036818851251842
13 0.1391304347826087 0.7584683357879234 0.01987577639751553 0.029455081001472753
13 0.018633540372670808 0.8173784977908689 0.03229813664596273 0.029455081001472753
13 0.07888198757763976 0.9285714285714286 0.018633540372670808 0.030927835051546393
7 0.6217391304347826 0.2864506627393225 0.0484472049689441 0.07511045655375552
7 0.5832298136645963 0.26435935198821797 0.0484472049689441 0.07216494845360824
7 0.5453416149068323 0.24153166421207659 0.049689440993788817 0.07363770250368189
7 0.5074534161490684 0.21944035346097202 0.0484472049689441 0.07363770250368189
7 0.46956521739130436 0.19734904270986744 0.04720496894409938 0.07363770250368189
7 0.43167701863354035 0.17599410898379972 0.0484472049689441 0.07511045655375552
1 0.41739130434782606 0.33726067746686306 0.1341614906832298 0.15905743740795286
1 0.30869565217391304 0.5868924889543446 0.12795031055900621 0.15758468335787923
7 0.4186335403726708 0.6369661266568483 0.08944099378881988 0.10456553755522828
7 0.30807453416149067 0.14506627393225333 0.04720496894409938 0.07216494845360824
