4 0.13 0.39233193277310924 0.0225 0.009453781512605041
0 0.61875 0.27205882352941174 0.0525 0.029411764705882353
0 0.22875 0.2657563025210084 0.055 0.029411764705882353
0 0.29375 0.266281512605042 0.0525 0.032563025210084036
0 0.356875 0.2704831932773109 0.05375 0.03046218487394958
0 0.41875 0.26838235294117646 0.05 0.03046218487394958
0 0.48375 0.26838235294117646 0.055 0.03466386554621849
0 0.549375 0.2710084033613445 0.05375 0.031512605042016806
0 0.75625 0.03361344537815126 0.04 0.04411764705882353
4 0.136875 0.3550420168067227 0.03625 0.01050420168067227
0 0.676875 0.1334033613445378 0.05375 0.03361344537815126
0 0.6125 0.13182773109243698 0.0475 0.028361344537815126
0 0.549375 0.13130252100840337 0.05375 0.031512605042016806
0 0.485625 0.13130252100840337 0.04625 0.029411764705882353
0 0.36125 0.12867647058823528 0.0475 0.026260504201680673
0 0.238125 0.12762605042016806 0.03625 0.02415966386554622
0 0.20125 0.4490546218487395 0.0875 0.06197478991596639
0 0.28375 0.4474789915966387 0.05 0.046218487394957986
0 0.376875 0.44380252100840334 0.08375 0.0661764705882353
0 0.395 0.6423319327731093 0.07 0.06197478991596639
0 0.51125 0.6491596638655462 0.08 0.06722689075630252
0 0.34125 0.9180672268907563 0.105 0.08823529411764706
0 0.67125 0.8970588235294118 0.11 0.10504201680672269
4 0.131875 0.30619747899159666 0.02375 0.009453781512605041
4 0.131875 0.3172268907563025 0.02375 0.01050420168067227
4 0.04625 0.3870798319327731 0.0125 0.01995798319327731
4 0.0675 0.3954831932773109 0.01 0.017857142857142856
4 0.0825 0.39285714285714285 0.01 0.018907563025210083
4 0.124375 0.5882352941176471 0.01125 0.018907563025210083
5 0.138125 0.20850840336134455 0.04875 0.01365546218487395
5 0.145625 0.23319327731092437 0.04125 0.012605042016806723
5 0.1375 0.25682773109243695 0.03 0.011554621848739496
4 0.035 0.3739495798319328 0.0125 0.023109243697478993
0 0.175 0.12657563025210083 0.0525 0.028361344537815126
