2 0.326171875 0.86474609375 0.01171875 0.0224609375
2 0.36669921875 0.40283203125 0.0146484375 0.0185546875
9 0.53271484375 0.60791015625 0.0048828125 0.0048828125
9 0.53759765625 0.6044921875 0.0029296875 0.00390625
9 0.48583984375 0.66552734375 0.0048828125 0.0048828125
9 0.49072265625 0.6611328125 0.0068359375 0.005859375
9 0.49560546875 0.658203125 0.0048828125 0.005859375
9 0.50048828125 0.65380859375 0.0048828125 0.0048828125
9 0.50634765625 0.6494140625 0.0068359375 0.005859375
9 0.513671875 0.64404296875 0.005859375 0.0048828125
9 0.51953125 0.63916015625 0.005859375 0.0048828125
9 0.52197265625 0.5947265625 0.0068359375 0.005859375
9 0.515625 0.58740234375 0.005859375 0.0068359375
9 0.6396484375 0.97119140625 0.0078125 0.0087890625
9 0.443359375 0.59228515625 0.005859375 0.0048828125
9 0.435546875 0.5908203125 0.005859375 0.005859375
9 0.4384765625 0.58251953125 0.005859375 0.0068359375
2 0.06640625 0.09326171875 0.130859375 0.1845703125
9 0.4404296875 0.576171875 0.005859375 0.005859375
9 0.2119140625 0.90478515625 0.005859375 0.0068359375
9 0.45458984375 0.58203125 0.0087890625 0.009765625
9 0.5185546875 0.4697265625 0.0078125 0.0078125
9 0.2451171875 0.91015625 0.009765625 0.009765625
9 0.23193359375 0.908203125 0.0087890625 0.009765625
9 0.220703125 0.90625 0.005859375 0.005859375
9 0.216796875 0.9375 0.01171875 0.01171875
9 0.2001953125 0.935546875 0.01171875 0.01171875
9 0.18408203125 0.93212890625 0.0107421875 0.0126953125
9 0.16796875 0.93017578125 0.01171875 0.0126953125
9 0.63720703125 0.98095703125 0.0087890625 0.0087890625
9 0.63525390625 0.9912109375 0.0087890625 0.0078125
9 0.70068359375 0.947265625 0.0068359375 0.0078125
9 0.2802734375 0.91064453125 0.01171875 0.0126953125
6 0.56201171875 0.24853515625 0.0322265625 0.0146484375
12 0.56982421875 0.2275390625 0.0205078125 0.037109375
9 0.29443359375 0.91357421875 0.0126953125 0.0126953125
9 0.99755859375 0.6669921875 0.0048828125 0.03125
9 0.9658203125 0.6572265625 0.029296875 0.02734375
9 0.919921875 0.64501953125 0.025390625 0.0263671875
12 0.10888671875 0.21533203125 0.0654296875 0.0419921875
12 0.2802734375 0.306640625 0.080078125 0.044921875
12 0.82177734375 0.49462890625 0.3564453125 0.0771484375
6 0.671875 0.45703125 0.041015625 0.013671875
6 0.751953125 0.4716796875 0.037109375 0.013671875
6 0.8916015625 0.49609375 0.048828125 0.015625
9 0.97412109375 0.6123046875 0.0302734375 0.03125
9 0.88525390625 0.64013671875 0.0244140625 0.0263671875
9 0.71044921875 0.94921875 0.0068359375 0.0078125
9 0.748046875 0.9912109375 0.025390625 0.017578125
9 0.859375 0.9970703125 0.025390625 0.005859375
9 0.82763671875 0.9931640625 0.0244140625 0.013671875
9 0.779296875 0.99462890625 0.025390625 0.0107421875
9 0.70166015625 0.984375 0.0244140625 0.025390625
9 0.6669921875 0.97705078125 0.0234375 0.0244140625
9 0.77001953125 0.94482421875 0.0126953125 0.0146484375
9 0.75537109375 0.94140625 0.0126953125 0.013671875
9 0.72021484375 0.95166015625 0.0068359375 0.0068359375
9 0.92626953125 0.61181640625 0.0283203125 0.0263671875
9 0.80810546875 0.5849609375 0.0283203125 0.02734375
9 0.89306640625 0.60693359375 0.0263671875 0.0263671875
9 0.9326171875 0.57861328125 0.025390625 0.0263671875
9 0.89892578125 0.5751953125 0.0205078125 0.017578125
9 0.83935546875 0.6318359375 0.0302734375 0.03125
9 0.80029296875 0.62451171875 0.0302734375 0.0283203125
9 0.8466796875 0.59326171875 0.029296875 0.0283203125
9 0.8544921875 0.5537109375 0.029296875 0.02734375
9 0.70751953125 0.60693359375 0.0283203125 0.0283203125
9 0.81494140625 0.54638671875 0.0302734375 0.0302734375
9 0.76123046875 0.5361328125 0.0263671875 0.02734375
9 0.72265625 0.529296875 0.029296875 0.02734375
9 0.75439453125 0.5751953125 0.0302734375 0.029296875
9 0.71533203125 0.568359375 0.0283203125 0.029296875
9 0.74658203125 0.61328125 0.0283203125 0.029296875
