9 0.6591796875 0.70166015625 0.009765625 0.0107421875
9 0.876953125 0.92138671875 0.005859375 0.0068359375
2 0.94873046875 0.06884765625 0.1025390625 0.1357421875
9 0.6767578125 0.70947265625 0.009765625 0.0107421875
9 0.6416015625 0.69384765625 0.01171875 0.0107421875
9 0.8681640625 0.9169921875 0.0078125 0.005859375
9 0.642578125 0.6767578125 0.005859375 0.005859375
9 0.6328125 0.66845703125 0.0078125 0.0087890625
9 0.62451171875 0.685546875 0.0087890625 0.009765625
9 0.6357421875 0.7333984375 0.01953125 0.01953125
9 0.611328125 0.72265625 0.01953125 0.01953125
9 0.87548828125 0.9296875 0.0068359375 0.005859375
9 0.86669921875 0.92431640625 0.0068359375 0.0068359375
9 0.859375 0.9228515625 0.005859375 0.005859375
9 0.86669921875 0.96630859375 0.0048828125 0.0048828125
9 0.86767578125 0.95849609375 0.0087890625 0.0087890625
9 0.869140625 0.951171875 0.0078125 0.0078125
2 0.76806640625 0.0517578125 0.0341796875 0.017578125
2 0.87744140625 0.23583984375 0.0341796875 0.0361328125
2 0.02978515625 0.15283203125 0.0224609375 0.0244140625
12 0.9892578125 0.15234375 0.021484375 0.017578125
