2 0.04248046875 0.94482421875 0.0830078125 0.1103515625
6 0.31591796875 0.17138671875 0.0634765625 0.0458984375
6 0.67138671875 0.2431640625 0.0283203125 0.0234375
6 0.71240234375 0.19189453125 0.0263671875 0.0185546875
6 0.65576171875 0.2021484375 0.0322265625 0.0234375
6 0.109375 0.041015625 0.08203125 0.05859375
6 0.912109375 0.26025390625 0.025390625 0.0322265625
6 0.23095703125 0.115234375 0.1025390625 0.07421875
6 0.8115234375 0.2421875 0.029296875 0.025390625
6 0.73291015625 0.26953125 0.0244140625 0.015625
6 0.767578125 0.28369140625 0.0234375 0.0166015625
6 0.9814453125 0.3662109375 0.03515625 0.029296875
6 0.89453125 0.39892578125 0.04296875 0.0302734375
6 0.7646484375 0.28857421875 0.015625 0.0087890625
