2 0.275390625 0.86474609375 0.01171875 0.0224609375
2 0.31591796875 0.40283203125 0.0146484375 0.0185546875
9 0.48193359375 0.60791015625 0.0048828125 0.0048828125
9 0.48681640625 0.6044921875 0.0029296875 0.00390625
9 0.43505859375 0.66552734375 0.0048828125 0.0048828125
9 0.43994140625 0.6611328125 0.0068359375 0.005859375
9 0.44482421875 0.658203125 0.0048828125 0.005859375
9 0.44970703125 0.65380859375 0.0048828125 0.0048828125
9 0.45556640625 0.6494140625 0.0068359375 0.005859375
9 0.462890625 0.64404296875 0.005859375 0.0048828125
9 0.46875 0.63916015625 0.005859375 0.0048828125
9 0.47119140625 0.5947265625 0.0068359375 0.005859375
9 0.46484375 0.58740234375 0.005859375 0.0068359375
9 0.5888671875 0.97119140625 0.0078125 0.0087890625
9 0.392578125 0.59228515625 0.005859375 0.0048828125
9 0.384765625 0.5908203125 0.005859375 0.005859375
9 0.3876953125 0.58251953125 0.005859375 0.0068359375
2 0.041015625 0.0615234375 0.080078125 0.12109375
9 0.3896484375 0.576171875 0.005859375 0.005859375
9 0.1611328125 0.90478515625 0.005859375 0.0068359375
9 0.40380859375 0.58203125 0.0087890625 0.009765625
9 0.4677734375 0.4697265625 0.0078125 0.0078125
9 0.1943359375 0.91015625 0.009765625 0.009765625
9 0.18115234375 0.908203125 0.0087890625 0.009765625
9 0.169921875 0.90625 0.005859375 0.005859375
9 0.166015625 0.9375 0.01171875 0.01171875
9 0.1494140625 0.935546875 0.01171875 0.01171875
9 0.13330078125 0.93212890625 0.0107421875 0.0126953125
9 0.1171875 0.93017578125 0.01171875 0.0126953125
9 0.58642578125 0.98095703125 0.0087890625 0.0087890625
9 0.58447265625 0.9912109375 0.0087890625 0.0078125
9 0.64990234375 0.947265625 0.0068359375 0.0078125
9 0.2294921875 0.91064453125 0.01171875 0.0126953125
6 0.51123046875 0.24853515625 0.0322265625 0.0146484375
12 0.51904296875 0.2275390625 0.0205078125 0.037109375
9 0.24365234375 0.91357421875 0.0126953125 0.0126953125
9 0.9599609375 0.6669921875 0.03125 0.03125
9 0.9150390625 0.6572265625 0.029296875 0.02734375
9 0.9677734375 0.62060546875 0.03125 0.0283203125
9 0.869140625 0.64501953125 0.025390625 0.0263671875
12 0.05810546875 0.21533203125 0.0654296875 0.0419921875
12 0.2294921875 0.306640625 0.080078125 0.044921875
12 0.7958984375 0.49951171875 0.40625 0.0869140625
6 0.62109375 0.45703125 0.041015625 0.013671875
6 0.701171875 0.4716796875 0.037109375 0.013671875
6 0.8408203125 0.49609375 0.048828125 0.015625
9 0.92333984375 0.6123046875 0.0302734375 0.03125
9 0.83447265625 0.64013671875 0.0244140625 0.0263671875
9 0.65966796875 0.94921875 0.0068359375 0.0078125
9 0.697265625 0.9912109375 0.025390625 0.017578125
9 0.80859375 0.9970703125 0.025390625 0.005859375
9 0.77685546875 0.9931640625 0.0244140625 0.013671875
9 0.728515625 0.99462890625 0.025390625 0.0107421875
9 0.65087890625 0.984375 0.0244140625 0.025390625
9 0.6162109375 0.97705078125 0.0234375 0.0244140625
9 0.71923828125 0.94482421875 0.0126953125 0.0146484375
9 0.70458984375 0.94140625 0.0126953125 0.013671875
9 0.66943359375 0.95166015625 0.0068359375 0.0068359375
9 0.87548828125 0.61181640625 0.0283203125 0.0263671875
9 0.75732421875 0.5849609375 0.0283203125 0.02734375
9 0.84228515625 0.60693359375 0.0263671875 0.0263671875
9 0.8818359375 0.57861328125 0.025390625 0.0263671875
9 0.84814453125 0.5751953125 0.0205078125 0.017578125
9 0.78857421875 0.6318359375 0.0302734375 0.03125
9 0.74951171875 0.62451171875 0.0302734375 0.0283203125
9 0.7958984375 0.59326171875 0.029296875 0.0283203125
9 0.8037109375 0.5537109375 0.029296875 0.02734375
9 0.65673828125 0.60693359375 0.0283203125 0.0283203125
9 0.76416015625 0.54638671875 0.0302734375 0.0302734375
9 0.71044921875 0.5361328125 0.0263671875 0.02734375
9 0.671875 0.529296875 0.029296875 0.02734375
9 0.70361328125 0.5751953125 0.0302734375 0.029296875
9 0.66455078125 0.568359375 0.0283203125 0.029296875
9 0.69580078125 0.61328125 0.0283203125 0.029296875
