2 0.326171875 0.81396484375 0.01171875 0.0224609375
2 0.36669921875 0.35205078125 0.0146484375 0.0185546875
9 0.37158203125 0.96875 0.0048828125 0.005859375
9 0.36572265625 0.96826171875 0.0048828125 0.0048828125
9 0.36083984375 0.966796875 0.0048828125 0.005859375
9 0.35498046875 0.96630859375 0.0048828125 0.0048828125
9 0.53271484375 0.55712890625 0.0048828125 0.0048828125
9 0.53759765625 0.5537109375 0.0029296875 0.00390625
9 0.48583984375 0.61474609375 0.0048828125 0.0048828125
9 0.49072265625 0.6103515625 0.0068359375 0.005859375
9 0.49560546875 0.607421875 0.0048828125 0.005859375
9 0.50048828125 0.60302734375 0.0048828125 0.0048828125
9 0.50634765625 0.5986328125 0.0068359375 0.005859375
9 0.513671875 0.59326171875 0.005859375 0.0048828125
9 0.51953125 0.58837890625 0.005859375 0.0048828125
9 0.52197265625 0.5439453125 0.0068359375 0.005859375
9 0.515625 0.53662109375 0.005859375 0.0068359375
9 0.376953125 0.97021484375 0.005859375 0.0068359375
9 0.3818359375 0.97119140625 0.00390625 0.0048828125
9 0.3876953125 0.97216796875 0.005859375 0.0048828125
9 0.357421875 0.98095703125 0.00390625 0.0048828125
9 0.6396484375 0.92041015625 0.0078125 0.0087890625
9 0.38427734375 0.98681640625 0.0048828125 0.0048828125
9 0.37939453125 0.9853515625 0.0048828125 0.005859375
9 0.37353515625 0.98388671875 0.0048828125 0.0048828125
9 0.36865234375 0.9833984375 0.0048828125 0.00390625
9 0.36328125 0.982421875 0.00390625 0.00390625
9 0.35205078125 0.98046875 0.0048828125 0.00390625
9 0.353515625 0.97314453125 0.005859375 0.0048828125
9 0.38623046875 0.97900390625 0.0048828125 0.0048828125
9 0.380859375 0.978515625 0.00390625 0.005859375
9 0.37548828125 0.9765625 0.0048828125 0.005859375
9 0.3701171875 0.97607421875 0.00390625 0.0048828125
9 0.36474609375 0.97509765625 0.0048828125 0.0048828125
9 0.35888671875 0.97412109375 0.0048828125 0.0048828125
9 0.443359375 0.54150390625 0.005859375 0.0048828125
9 0.435546875 0.5400390625 0.005859375 0.005859375
9 0.4384765625 0.53173828125 0.005859375 0.0068359375
2 0.04931640625 0.06787109375 0.0966796875 0.1337890625
9 0.4404296875 0.525390625 0.005859375 0.005859375
9 0.2119140625 0.85400390625 0.005859375 0.0068359375
9 0.45458984375 0.53125 0.0087890625 0.009765625
9 0.5185546875 0.4189453125 0.0078125 0.0078125
9 0.2451171875 0.859375 0.009765625 0.009765625
9 0.23193359375 0.857421875 0.0087890625 0.009765625
9 0.220703125 0.85546875 0.005859375 0.005859375
9 0.216796875 0.88671875 0.01171875 0.01171875
9 0.2001953125 0.884765625 0.01171875 0.01171875
9 0.18408203125 0.88134765625 0.0107421875 0.0126953125
9 0.16796875 0.87939453125 0.01171875 0.0126953125
9 0.63720703125 0.93017578125 0.0087890625 0.0087890625
9 0.63525390625 0.9404296875 0.0087890625 0.0078125
9 0.70068359375 0.896484375 0.0068359375 0.0078125
9 0.2802734375 0.85986328125 0.01171875 0.0126953125
6 0.56201171875 0.19775390625 0.0322265625 0.0146484375
12 0.56982421875 0.1767578125 0.0205078125 0.037109375
9 0.29443359375 0.86279296875 0.0126953125 0.0126953125
9 0.99755859375 0.6162109375 0.0048828125 0.03125
9 0.9658203125 0.6064453125 0.029296875 0.02734375
9 0.919921875 0.59423828125 0.025390625 0.0263671875
9 0.982421875 0.98095703125 0.029296875 0.0302734375
12 0.10888671875 0.16455078125 0.0654296875 0.0419921875
12 0.2802734375 0.255859375 0.080078125 0.044921875
12 0.82177734375 0.44384765625 0.3564453125 0.0771484375
9 0.9453125 0.97265625 0.029296875 0.03125
6 0.671875 0.40625 0.041015625 0.013671875
6 0.751953125 0.4208984375 0.037109375 0.013671875
6 0.8916015625 0.4453125 0.048828125 0.015625
9 0.97412109375 0.5615234375 0.0302734375 0.03125
9 0.88525390625 0.58935546875 0.0244140625 0.0263671875
9 0.71044921875 0.8984375 0.0068359375 0.0078125
9 0.748046875 0.9443359375 0.025390625 0.025390625
9 0.89111328125 0.96142578125 0.0244140625 0.0244140625
9 0.859375 0.955078125 0.025390625 0.0234375
9 0.82763671875 0.94873046875 0.0244140625 0.0263671875
9 0.7724609375 0.982421875 0.025390625 0.025390625
9 0.74072265625 0.97607421875 0.0263671875 0.0244140625
9 0.779296875 0.951171875 0.025390625 0.025390625
9 0.69384765625 0.96875 0.0244140625 0.0234375
9 0.8515625 0.986328125 0.025390625 0.0234375
9 0.6591796875 0.96142578125 0.025390625 0.0244140625
9 0.70166015625 0.93359375 0.0244140625 0.025390625
9 0.6669921875 0.92626953125 0.0234375 0.0244140625
9 0.77001953125 0.89404296875 0.0126953125 0.0146484375
9 0.75537109375 0.890625 0.0126953125 0.013671875
9 0.72021484375 0.90087890625 0.0068359375 0.0068359375
9 0.8203125 0.97998046875 0.025390625 0.0244140625
9 0.88427734375 0.98974609375 0.0263671875 0.0185546875
9 0.92626953125 0.56103515625 0.0283203125 0.0263671875
9 0.80810546875 0.5341796875 0.0283203125 0.02734375
9 0.89306640625 0.55615234375 0.0263671875 0.0263671875
9 0.9326171875 0.52783203125 0.025390625 0.0263671875
9 0.89892578125 0.5244140625 0.0205078125 0.017578125
9 0.83935546875 0.5810546875 0.0302734375 0.03125
9 0.80029296875 0.57373046875 0.0302734375 0.0283203125
9 0.8466796875 0.54248046875 0.029296875 0.0283203125
9 0.8544921875 0.5029296875 0.029296875 0.02734375
9 0.70751953125 0.55615234375 0.0283203125 0.0283203125
9 0.81494140625 0.49560546875 0.0302734375 0.0302734375
9 0.76123046875 0.4853515625 0.0263671875 0.02734375
9 0.72265625 0.478515625 0.029296875 0.02734375
9 0.75439453125 0.5244140625 0.0302734375 0.029296875
9 0.71533203125 0.517578125 0.0283203125 0.029296875
9 0.74658203125 0.5625 0.0283203125 0.029296875
