9 0.6591796875 0.75244140625 0.009765625 0.0107421875
9 0.876953125 0.97216796875 0.005859375 0.0068359375
2 0.94873046875 0.10693359375 0.1025390625 0.1611328125
9 0.6767578125 0.76025390625 0.009765625 0.0107421875
9 0.6416015625 0.74462890625 0.01171875 0.0107421875
9 0.8681640625 0.9677734375 0.0078125 0.005859375
9 0.642578125 0.7275390625 0.005859375 0.005859375
9 0.6328125 0.71923828125 0.0078125 0.0087890625
9 0.62451171875 0.736328125 0.0087890625 0.009765625
9 0.6357421875 0.7841796875 0.01953125 0.01953125
9 0.611328125 0.7734375 0.01953125 0.01953125
9 0.87548828125 0.98046875 0.0068359375 0.005859375
9 0.86669921875 0.97509765625 0.0068359375 0.0068359375
9 0.859375 0.9736328125 0.005859375 0.005859375
9 0.869140625 0.9990234375 0.0078125 0.001953125
2 0.76806640625 0.1025390625 0.0341796875 0.017578125
2 0.87744140625 0.28662109375 0.0341796875 0.0361328125
2 0.02978515625 0.20361328125 0.0224609375 0.0244140625
12 0.9892578125 0.203125 0.021484375 0.017578125
