2 0.275390625 0.81396484375 0.01171875 0.0224609375
2 0.31591796875 0.35205078125 0.0146484375 0.0185546875
9 0.32080078125 0.96875 0.0048828125 0.005859375
9 0.31494140625 0.96826171875 0.0048828125 0.0048828125
9 0.31005859375 0.966796875 0.0048828125 0.005859375
9 0.30419921875 0.96630859375 0.0048828125 0.0048828125
9 0.48193359375 0.55712890625 0.0048828125 0.0048828125
9 0.48681640625 0.5537109375 0.0029296875 0.00390625
9 0.43505859375 0.61474609375 0.0048828125 0.0048828125
9 0.43994140625 0.6103515625 0.0068359375 0.005859375
9 0.44482421875 0.607421875 0.0048828125 0.005859375
9 0.44970703125 0.60302734375 0.0048828125 0.0048828125
9 0.45556640625 0.5986328125 0.0068359375 0.005859375
9 0.462890625 0.59326171875 0.005859375 0.0048828125
9 0.46875 0.58837890625 0.005859375 0.0048828125
9 0.47119140625 0.5439453125 0.0068359375 0.005859375
9 0.46484375 0.53662109375 0.005859375 0.0068359375
9 0.326171875 0.97021484375 0.005859375 0.0068359375
9 0.3310546875 0.97119140625 0.00390625 0.0048828125
9 0.3369140625 0.97216796875 0.005859375 0.0048828125
9 0.306640625 0.98095703125 0.00390625 0.0048828125
9 0.5888671875 0.92041015625 0.0078125 0.0087890625
9 0.33349609375 0.98681640625 0.0048828125 0.0048828125
9 0.32861328125 0.9853515625 0.0048828125 0.005859375
9 0.32275390625 0.98388671875 0.0048828125 0.0048828125
9 0.31787109375 0.9833984375 0.0048828125 0.00390625
9 0.3125 0.982421875 0.00390625 0.00390625
9 0.30126953125 0.98046875 0.0048828125 0.00390625
9 0.302734375 0.97314453125 0.005859375 0.0048828125
9 0.33544921875 0.97900390625 0.0048828125 0.0048828125
9 0.330078125 0.978515625 0.00390625 0.005859375
9 0.32470703125 0.9765625 0.0048828125 0.005859375
9 0.3193359375 0.97607421875 0.00390625 0.0048828125
9 0.31396484375 0.97509765625 0.0048828125 0.0048828125
9 0.30810546875 0.97412109375 0.0048828125 0.0048828125
9 0.392578125 0.54150390625 0.005859375 0.0048828125
9 0.384765625 0.5400390625 0.005859375 0.005859375
9 0.3876953125 0.53173828125 0.005859375 0.0068359375
2 0.02392578125 0.0361328125 0.0458984375 0.0703125
9 0.3896484375 0.525390625 0.005859375 0.005859375
9 0.1611328125 0.85400390625 0.005859375 0.0068359375
9 0.40380859375 0.53125 0.0087890625 0.009765625
9 0.4677734375 0.4189453125 0.0078125 0.0078125
9 0.1943359375 0.859375 0.009765625 0.009765625
9 0.18115234375 0.857421875 0.0087890625 0.009765625
9 0.169921875 0.85546875 0.005859375 0.005859375
9 0.166015625 0.88671875 0.01171875 0.01171875
9 0.1494140625 0.884765625 0.01171875 0.01171875
9 0.13330078125 0.88134765625 0.0107421875 0.0126953125
9 0.1171875 0.87939453125 0.01171875 0.0126953125
9 0.58642578125 0.93017578125 0.0087890625 0.0087890625
9 0.58447265625 0.9404296875 0.0087890625 0.0078125
9 0.64990234375 0.896484375 0.0068359375 0.0078125
9 0.2294921875 0.85986328125 0.01171875 0.0126953125
6 0.51123046875 0.19775390625 0.0322265625 0.0146484375
12 0.51904296875 0.1767578125 0.0205078125 0.037109375
9 0.24365234375 0.86279296875 0.0126953125 0.0126953125
9 0.9599609375 0.6162109375 0.03125 0.03125
9 0.9150390625 0.6064453125 0.029296875 0.02734375
9 0.9677734375 0.56982421875 0.03125 0.0283203125
9 0.869140625 0.59423828125 0.025390625 0.0263671875
9 0.931640625 0.98095703125 0.029296875 0.0302734375
12 0.05810546875 0.16455078125 0.0654296875 0.0419921875
12 0.2294921875 0.255859375 0.080078125 0.044921875
12 0.7958984375 0.44873046875 0.40625 0.0869140625
9 0.89453125 0.97265625 0.029296875 0.03125
6 0.62109375 0.40625 0.041015625 0.013671875
6 0.701171875 0.4208984375 0.037109375 0.013671875
6 0.8408203125 0.4453125 0.048828125 0.015625
9 0.92333984375 0.5615234375 0.0302734375 0.03125
9 0.83447265625 0.58935546875 0.0244140625 0.0263671875
9 0.65966796875 0.8984375 0.0068359375 0.0078125
9 0.697265625 0.9443359375 0.025390625 0.025390625
9 0.84033203125 0.96142578125 0.0244140625 0.0244140625
9 0.80859375 0.955078125 0.025390625 0.0234375
9 0.77685546875 0.94873046875 0.0244140625 0.0263671875
9 0.7216796875 0.982421875 0.025390625 0.025390625
9 0.68994140625 0.97607421875 0.0263671875 0.0244140625
9 0.728515625 0.951171875 0.025390625 0.025390625
9 0.64306640625 0.96875 0.0244140625 0.0234375
9 0.80078125 0.986328125 0.025390625 0.0234375
9 0.6083984375 0.96142578125 0.025390625 0.0244140625
9 0.65087890625 0.93359375 0.0244140625 0.025390625
9 0.6162109375 0.92626953125 0.0234375 0.0244140625
9 0.71923828125 0.89404296875 0.0126953125 0.0146484375
9 0.70458984375 0.890625 0.0126953125 0.013671875
9 0.66943359375 0.90087890625 0.0068359375 0.0068359375
9 0.76953125 0.97998046875 0.025390625 0.0244140625
9 0.83349609375 0.98974609375 0.0263671875 0.0185546875
9 0.87548828125 0.56103515625 0.0283203125 0.0263671875
9 0.75732421875 0.5341796875 0.0283203125 0.02734375
9 0.84228515625 0.55615234375 0.0263671875 0.0263671875
9 0.8818359375 0.52783203125 0.025390625 0.0263671875
9 0.84814453125 0.5244140625 0.0205078125 0.017578125
9 0.78857421875 0.5810546875 0.0302734375 0.03125
9 0.74951171875 0.57373046875 0.0302734375 0.0283203125
9 0.7958984375 0.54248046875 0.029296875 0.0283203125
9 0.8037109375 0.5029296875 0.029296875 0.02734375
9 0.65673828125 0.55615234375 0.0283203125 0.0283203125
9 0.76416015625 0.49560546875 0.0302734375 0.0302734375
9 0.71044921875 0.4853515625 0.0263671875 0.02734375
9 0.671875 0.478515625 0.029296875 0.02734375
9 0.70361328125 0.5244140625 0.0302734375 0.029296875
9 0.66455078125 0.517578125 0.0283203125 0.029296875
9 0.69580078125 0.5625 0.0283203125 0.029296875
