4 0.9536516853932584 0.6906474820143885 0.014044943820224719 0.03597122302158273
4 0.9662921348314607 0.6474820143884892 0.016853932584269662 0.03597122302158273
5 0.6418539325842697 0.6241007194244604 0.019662921348314606 0.08992805755395683
5 0.6221910112359551 0.6294964028776978 0.019662921348314606 0.08633093525179857
5 0.6039325842696629 0.6294964028776978 0.02247191011235955 0.08633093525179857
5 0.5856741573033708 0.6348920863309353 0.025280898876404494 0.08992805755395683
5 0.5646067415730337 0.6366906474820144 0.02247191011235955 0.08633093525179857
5 0.547752808988764 0.6366906474820144 0.02247191011235955 0.08633093525179857
5 0.5280898876404494 0.6420863309352518 0.02247191011235955 0.08992805755395683
5 0.5084269662921348 0.6438848920863309 0.02247191011235955 0.08633093525179857
5 0.48735955056179775 0.6474820143884892 0.019662921348314606 0.08633093525179857
5 0.449438202247191 0.6546762589928058 0.02247191011235955 0.08633093525179857
5 0.43258426966292135 0.6600719424460432 0.02247191011235955 0.08992805755395683
5 0.41292134831460675 0.6600719424460432 0.02247191011235955 0.08992805755395683
5 0.39325842696629215 0.6636690647482014 0.02247191011235955 0.08992805755395683
5 0.7359550561797753 0.35251798561151076 0.016853932584269662 0.06474820143884892
5 0.7148876404494382 0.3471223021582734 0.019662921348314606 0.07553956834532374
5 0.6980337078651685 0.35071942446043164 0.019662921348314606 0.07553956834532374
5 0.6769662921348315 0.35071942446043164 0.02247191011235955 0.07553956834532374
5 0.6643258426966292 0.4028776978417266 0.019662921348314606 0.07913669064748201
5 0.6446629213483146 0.4064748201438849 0.019662921348314606 0.07913669064748201
5 0.6278089887640449 0.40827338129496404 0.019662921348314606 0.07553956834532374
5 0.6081460674157303 0.4118705035971223 0.019662921348314606 0.07553956834532374
5 0.5758426966292135 0.4172661870503597 0.02247191011235955 0.07913669064748201
5 0.5252808988764045 0.42985611510791366 0.02247191011235955 0.07553956834532374
5 0.5056179775280899 0.42805755395683454 0.02247191011235955 0.07913669064748201
5 0.48735955056179775 0.42985611510791366 0.025280898876404494 0.07553956834532374
5 0.4691011235955056 0.4352517985611511 0.02247191011235955 0.07913669064748201
5 0.43679775280898875 0.44064748201438847 0.019662921348314606 0.08273381294964029
5 0.4199438202247191 0.4442446043165468 0.019662921348314606 0.07553956834532374
5 0.4002808988764045 0.4352517985611511 0.025280898876404494 0.07913669064748201
5 0.6615168539325843 0.6205035971223022 0.025280898876404494 0.08992805755395683
5 0.6797752808988764 0.6169064748201439 0.02247191011235955 0.08992805755395683
5 0.6980337078651685 0.6169064748201439 0.025280898876404494 0.08992805755395683
5 0.6502808988764045 0.8345323741007195 0.019662921348314606 0.07913669064748201
4 0.9480337078651685 0.64568345323741 0.014044943820224719 0.03237410071942446
4 0.925561797752809 0.6924460431654677 0.014044943820224719 0.039568345323741004
4 0.9845505617977528 0.5215827338129496 0.014044943820224719 0.03597122302158273
4 0.9719101123595506 0.5197841726618705 0.016853932584269662 0.03237410071942446
4 0.9578651685393258 0.5251798561151079 0.016853932584269662 0.03597122302158273
4 0.9424157303370787 0.5287769784172662 0.014044943820224719 0.03597122302158273
4 0.9283707865168539 0.5323741007194245 0.014044943820224719 0.03597122302158273
4 0.9845505617977528 0.4856115107913669 0.014044943820224719 0.03597122302158273
4 0.9691011235955056 0.48201438848920863 0.011235955056179775 0.03597122302158273
4 0.9410112359550562 0.4856115107913669 0.016853932584269662 0.03597122302158273
4 0.9283707865168539 0.4910071942446043 0.014044943820224719 0.039568345323741004
4 0.9115168539325843 0.49460431654676257 0.014044943820224719 0.03237410071942446
5 0.6685393258426966 0.8309352517985612 0.02247191011235955 0.07913669064748201
5 0.6320224719101124 0.8381294964028777 0.02247191011235955 0.07913669064748201
5 0.7176966292134831 0.6097122302158273 0.025280898876404494 0.08992805755395683
5 0.6151685393258427 0.8399280575539568 0.02247191011235955 0.08273381294964029
5 0.5997191011235955 0.8507194244604317 0.025280898876404494 0.08273381294964029
5 0.5800561797752809 0.8489208633093526 0.019662921348314606 0.07913669064748201
5 0.5632022471910112 0.8525179856115108 0.019662921348314606 0.07913669064748201
5 0.5449438202247191 0.8561151079136691 0.02247191011235955 0.07913669064748201
5 0.526685393258427 0.8525179856115108 0.019662921348314606 0.07913669064748201
5 0.5084269662921348 0.8561151079136691 0.02247191011235955 0.07913669064748201
5 0.49157303370786515 0.8561151079136691 0.02247191011235955 0.07913669064748201
5 0.45646067415730335 0.8615107913669064 0.025280898876404494 0.08273381294964029
5 0.43820224719101125 0.8687050359712231 0.02247191011235955 0.08273381294964029
5 0.42134831460674155 0.8705035971223022 0.02247191011235955 0.07913669064748201
5 0.4044943820224719 0.8741007194244604 0.02247191011235955 0.07913669064748201
5 0.28792134831460675 0.8453237410071942 0.014044943820224719 0.07913669064748201
5 0.28370786516853935 0.39748201438848924 0.016853932584269662 0.07553956834532374
