4 0.01318359375 0.658203125 0.0087890625 0.01953125
10 0.67822265625 0.49267578125 0.3349609375 0.4716796875
3 0.68359375 0.5009765625 0.41015625 0.75390625
7 0.01416015625 0.79931640625 0.0263671875 0.1064453125
7 0.13232421875 0.72119140625 0.0556640625 0.1083984375
7 0.20703125 0.72509765625 0.056640625 0.1083984375
7 0.1318359375 0.84716796875 0.107421875 0.0556640625
4 0.3681640625 0.0556640625 0.017578125 0.009765625
4 0.39013671875 0.0556640625 0.0166015625 0.0078125
4 0.4140625 0.0556640625 0.017578125 0.009765625
4 0.513671875 0.0556640625 0.01953125 0.009765625
4 0.54150390625 0.0546875 0.0205078125 0.009765625
4 0.56396484375 0.0556640625 0.0185546875 0.0078125
4 0.619140625 0.05517578125 0.01953125 0.0087890625
4 0.59619140625 0.0556640625 0.0205078125 0.01171875
5 0.7763671875 0.02587890625 0.033203125 0.0107421875
4 0.7578125 0.05224609375 0.01953125 0.0087890625
4 0.78759765625 0.05224609375 0.0244140625 0.0107421875
4 0.55126953125 0.0078125 0.0087890625 0.015625
4 0.5966796875 0.01025390625 0.009765625 0.0205078125
4 0.56298828125 0.009765625 0.0087890625 0.01953125
4 0.85302734375 0.0244140625 0.0205078125 0.0078125
5 0.001953125 0.65576171875 0.001953125 0.0283203125
10 0.30029296875 0.28759765625 0.3330078125 0.2470703125
