4 0.0810546875 0.8046875 0.01953125 0.013671875
4 0.16357421875 0.6552734375 0.0087890625 0.01953125
10 0.82861328125 0.48974609375 0.3349609375 0.4716796875
3 0.814453125 0.4873046875 0.37109375 0.732421875
7 0.1494140625 0.7958984375 0.056640625 0.107421875
7 0.28271484375 0.71826171875 0.0556640625 0.1083984375
7 0.357421875 0.72216796875 0.056640625 0.1083984375
7 0.2822265625 0.84423828125 0.107421875 0.0556640625
4 0.5185546875 0.052734375 0.017578125 0.009765625
4 0.54052734375 0.052734375 0.0166015625 0.0078125
4 0.564453125 0.052734375 0.017578125 0.009765625
4 0.6640625 0.052734375 0.01953125 0.009765625
4 0.69189453125 0.0517578125 0.0205078125 0.009765625
4 0.71435546875 0.052734375 0.0185546875 0.0078125
4 0.76953125 0.05224609375 0.01953125 0.0087890625
4 0.74658203125 0.052734375 0.0205078125 0.01171875
5 0.9267578125 0.02294921875 0.033203125 0.0107421875
4 0.908203125 0.04931640625 0.01953125 0.0087890625
4 0.93798828125 0.04931640625 0.0244140625 0.0107421875
4 0.701171875 0.0068359375 0.0078125 0.01171875
4 0.7470703125 0.00927734375 0.009765625 0.0166015625
4 0.71337890625 0.0087890625 0.0087890625 0.015625
4 0.99658203125 0.021484375 0.0068359375 0.0078125
5 0.06884765625 0.60107421875 0.0263671875 0.0107421875
5 0.14697265625 0.6533203125 0.0126953125 0.029296875
10 0.45068359375 0.28466796875 0.3330078125 0.2470703125
