9 0.32275390625 0.125 0.0126953125 0.013671875
9 0.349609375 0.138671875 0.01171875 0.013671875
9 0.33935546875 0.154296875 0.0166015625 0.017578125
9 0.326171875 0.166015625 0.009765625 0.009765625
9 0.31494140625 0.16064453125 0.0107421875 0.0107421875
9 0.32080078125 0.1455078125 0.0166015625 0.017578125
9 0.3359375 0.1318359375 0.01171875 0.013671875
9 0.3037109375 0.1552734375 0.009765625 0.01171875
9 0.30859375 0.1181640625 0.013671875 0.013671875
9 0.265625 0.5087890625 0.009765625 0.009765625
9 0.3017578125 0.1357421875 0.017578125 0.017578125
9 0.2919921875 0.14990234375 0.009765625 0.0107421875
9 0.30078125 0.1064453125 0.0078125 0.0078125
9 0.2958984375 0.1123046875 0.0078125 0.0078125
9 0.29052734375 0.1220703125 0.0068359375 0.0078125
9 0.2861328125 0.1328125 0.0078125 0.0078125
9 0.28125 0.14306640625 0.0078125 0.0087890625
9 0.2626953125 0.51708984375 0.005859375 0.0068359375
9 0.2705078125 0.49951171875 0.009765625 0.0107421875
9 0.134765625 0.41162109375 0.01171875 0.0126953125
9 0.30224609375 0.43017578125 0.0166015625 0.0166015625
9 0.27197265625 0.9306640625 0.0283203125 0.02734375
9 0.32763671875 0.99267578125 0.0478515625 0.0146484375
9 0.27783203125 0.98095703125 0.0478515625 0.0380859375
9 0.3359375 0.3759765625 0.013671875 0.013671875
9 0.330078125 0.3896484375 0.013671875 0.015625
9 0.3193359375 0.396484375 0.009765625 0.01171875
9 0.2978515625 0.3779296875 0.01171875 0.01171875
9 0.28369140625 0.421875 0.0166015625 0.017578125
9 0.26513671875 0.48193359375 0.0107421875 0.0107421875
9 0.29443359375 0.44677734375 0.0146484375 0.0146484375
9 0.2880859375 0.462890625 0.013671875 0.013671875
9 0.2783203125 0.43896484375 0.015625 0.0146484375
9 0.27294921875 0.455078125 0.0146484375 0.013671875
9 0.2822265625 0.4755859375 0.01171875 0.01171875
9 0.26904296875 0.46826171875 0.0126953125 0.0126953125
9 0.27734375 0.48681640625 0.009765625 0.0107421875
9 0.14404296875 0.37158203125 0.0126953125 0.0126953125
9 0.126953125 0.44970703125 0.013671875 0.0126953125
9 0.140625 0.4736328125 0.033203125 0.03515625
9 0.14892578125 0.4345703125 0.0341796875 0.03515625
9 0.15673828125 0.39697265625 0.0341796875 0.0341796875
9 0.16552734375 0.357421875 0.0341796875 0.03515625
9 0.173828125 0.31787109375 0.03515625 0.0361328125
9 0.18212890625 0.279296875 0.0341796875 0.03515625
9 0.1904296875 0.240234375 0.03515625 0.03515625
9 0.19384765625 0.4560546875 0.0263671875 0.02734375
5 0.0478515625 0.57470703125 0.005859375 0.0283203125
9 0.1875 0.486328125 0.025390625 0.02734375
9 0.20068359375 0.4267578125 0.0263671875 0.02734375
9 0.3203125 0.23486328125 0.0078125 0.0087890625
9 0.2607421875 0.3125 0.02734375 0.02734375
9 0.32177734375 0.22509765625 0.0087890625 0.0087890625
9 0.29541015625 0.232421875 0.0361328125 0.037109375
9 0.267578125 0.22265625 0.017578125 0.017578125
9 0.2822265625 0.259765625 0.017578125 0.01953125
9 0.24755859375 0.24462890625 0.0361328125 0.0341796875
9 0.26708984375 0.283203125 0.0263671875 0.025390625
9 0.23291015625 0.27685546875 0.0263671875 0.0263671875
9 0.2265625 0.30615234375 0.025390625 0.0283203125
9 0.22900390625 0.462890625 0.0263671875 0.02734375
9 0.25439453125 0.34228515625 0.0263671875 0.0263671875
9 0.2197265625 0.33642578125 0.02734375 0.0283203125
9 0.24755859375 0.37255859375 0.0263671875 0.0263671875
9 0.21337890625 0.3662109375 0.0263671875 0.02734375
9 0.2412109375 0.40234375 0.02734375 0.02734375
9 0.20703125 0.39599609375 0.02734375 0.0263671875
9 0.234375 0.4326171875 0.025390625 0.02734375
9 0.30126953125 0.943359375 0.0302734375 0.03125
9 0.28759765625 0.8974609375 0.0283203125 0.02734375
9 0.31689453125 0.91064453125 0.0302734375 0.0322265625
9 0.4091796875 0.17431640625 0.005859375 0.0068359375
9 0.5068359375 0.953125 0.029296875 0.03125
9 0.3740234375 0.26513671875 0.005859375 0.0068359375
9 0.36767578125 0.26220703125 0.0068359375 0.0068359375
9 0.3623046875 0.25927734375 0.005859375 0.0048828125
9 0.40771484375 0.18701171875 0.0087890625 0.0087890625
9 0.41552734375 0.17822265625 0.0068359375 0.0068359375
9 0.419921875 0.16748046875 0.005859375 0.0068359375
9 0.41357421875 0.16455078125 0.0068359375 0.0068359375
9 0.51904296875 0.92431640625 0.0302734375 0.0302734375
9 0.3994140625 0.19921875 0.009765625 0.01171875
9 0.39892578125 0.18310546875 0.0087890625 0.0087890625
9 0.4033203125 0.17138671875 0.005859375 0.0068359375
9 0.40673828125 0.16162109375 0.0068359375 0.0068359375
9 0.39697265625 0.16845703125 0.0068359375 0.0068359375
9 0.400390625 0.15771484375 0.005859375 0.0068359375
9 0.38916015625 0.19384765625 0.0107421875 0.0107421875
9 0.4912109375 0.91064453125 0.03125 0.0322265625
9 0.595703125 0.24169921875 0.017578125 0.0185546875
9 0.30712890625 0.859375 0.0263671875 0.02734375
6 0.78515625 0.8056640625 0.1015625 0.16796875
5 0.80126953125 0.3876953125 0.0126953125 0.017578125
5 0.83056640625 0.33056640625 0.0126953125 0.0185546875
5 0.81298828125 0.365234375 0.0126953125 0.01953125
6 0.84765625 0.66162109375 0.056640625 0.0908203125
6 0.7236328125 0.96240234375 0.048828125 0.0751953125
6 0.70556640625 0.95947265625 0.0517578125 0.0791015625
9 0.58642578125 0.25927734375 0.0166015625 0.0166015625
9 0.630859375 0.21337890625 0.01171875 0.0107421875
9 0.61962890625 0.20703125 0.0107421875 0.01171875
9 0.6083984375 0.20068359375 0.009765625 0.0107421875
9 0.61376953125 0.2509765625 0.0166015625 0.015625
9 0.60546875 0.2685546875 0.017578125 0.017578125
9 0.62255859375 0.2333984375 0.0166015625 0.017578125
9 0.603515625 0.2236328125 0.017578125 0.017578125
9 0.39013671875 0.17919921875 0.0087890625 0.0087890625
9 0.390625 0.16552734375 0.005859375 0.0068359375
9 0.39453125 0.15478515625 0.005859375 0.0068359375
9 0.42138671875 0.99365234375 0.0302734375 0.0126953125
9 0.333984375 0.87060546875 0.029296875 0.0322265625
9 0.46826171875 0.984375 0.0302734375 0.03125
9 0.43798828125 0.9697265625 0.0302734375 0.033203125
9 0.40771484375 0.95458984375 0.0302734375 0.0322265625
9 0.37744140625 0.93994140625 0.0302734375 0.0322265625
9 0.34716796875 0.92529296875 0.0302734375 0.0322265625
9 0.39111328125 0.98681640625 0.0302734375 0.0263671875
9 0.3837890625 0.16259765625 0.005859375 0.0068359375
9 0.36083984375 0.97412109375 0.0302734375 0.0322265625
9 0.3310546875 0.958984375 0.029296875 0.03125
9 0.32177734375 0.82958984375 0.0263671875 0.0263671875
9 0.36279296875 0.884765625 0.0302734375 0.03125
9 0.34765625 0.84130859375 0.03125 0.0302734375
9 0.3759765625 0.85546875 0.03125 0.03125
9 0.40478515625 0.869140625 0.0302734375 0.033203125
9 0.37890625 0.18994140625 0.009765625 0.0107421875
9 0.3818359375 0.1748046875 0.0078125 0.0078125
9 0.3876953125 0.15185546875 0.005859375 0.0068359375
9 0.3681640625 0.1845703125 0.01171875 0.01171875
9 0.37353515625 0.1708984375 0.0087890625 0.009765625
9 0.37744140625 0.16015625 0.0068359375 0.0078125
9 0.380859375 0.14892578125 0.005859375 0.0068359375
9 0.3623046875 0.14501953125 0.01171875 0.0126953125
9 0.36279296875 0.1640625 0.0107421875 0.01171875
9 0.47705078125 0.9404296875 0.0302734375 0.03125
9 0.462890625 0.896484375 0.03125 0.033203125
9 0.4482421875 0.92724609375 0.03125 0.0322265625
9 0.4345703125 0.88232421875 0.03125 0.0322265625
9 0.419921875 0.9130859375 0.033203125 0.033203125
9 0.390625 0.8994140625 0.03125 0.03125
