9 0.78271484375 0.125 0.0126953125 0.013671875
9 0.8095703125 0.138671875 0.01171875 0.013671875
9 0.79931640625 0.154296875 0.0166015625 0.017578125
9 0.7861328125 0.166015625 0.009765625 0.009765625
9 0.77490234375 0.16064453125 0.0107421875 0.0107421875
9 0.78076171875 0.1455078125 0.0166015625 0.017578125
9 0.7958984375 0.1318359375 0.01171875 0.013671875
9 0.763671875 0.1552734375 0.009765625 0.01171875
9 0.7685546875 0.1181640625 0.013671875 0.013671875
9 0.7255859375 0.5087890625 0.009765625 0.009765625
9 0.76171875 0.1357421875 0.017578125 0.017578125
9 0.751953125 0.14990234375 0.009765625 0.0107421875
9 0.7607421875 0.1064453125 0.0078125 0.0078125
9 0.755859375 0.1123046875 0.0078125 0.0078125
9 0.75048828125 0.1220703125 0.0068359375 0.0078125
9 0.74609375 0.1328125 0.0078125 0.0078125
9 0.7412109375 0.14306640625 0.0078125 0.0087890625
9 0.72265625 0.51708984375 0.005859375 0.0068359375
9 0.73046875 0.49951171875 0.009765625 0.0107421875
9 0.5947265625 0.41162109375 0.01171875 0.0126953125
9 0.76220703125 0.43017578125 0.0166015625 0.0166015625
9 0.73193359375 0.9306640625 0.0283203125 0.02734375
9 0.78759765625 0.99267578125 0.0478515625 0.0146484375
9 0.73779296875 0.98095703125 0.0478515625 0.0380859375
9 0.7958984375 0.3759765625 0.013671875 0.013671875
9 0.7900390625 0.3896484375 0.013671875 0.015625
9 0.779296875 0.396484375 0.009765625 0.01171875
9 0.7578125 0.3779296875 0.01171875 0.01171875
9 0.74365234375 0.421875 0.0166015625 0.017578125
9 0.72509765625 0.48193359375 0.0107421875 0.0107421875
9 0.75439453125 0.44677734375 0.0146484375 0.0146484375
9 0.748046875 0.462890625 0.013671875 0.013671875
9 0.73828125 0.43896484375 0.015625 0.0146484375
9 0.73291015625 0.455078125 0.0146484375 0.013671875
9 0.7421875 0.4755859375 0.01171875 0.01171875
9 0.72900390625 0.46826171875 0.0126953125 0.0126953125
9 0.7373046875 0.48681640625 0.009765625 0.0107421875
9 0.60400390625 0.37158203125 0.0126953125 0.0126953125
9 0.5869140625 0.44970703125 0.013671875 0.0126953125
9 0.4482421875 0.29345703125 0.01171875 0.0126953125
9 0.6005859375 0.4736328125 0.033203125 0.03515625
9 0.60888671875 0.4345703125 0.0341796875 0.03515625
9 0.61669921875 0.39697265625 0.0341796875 0.0341796875
9 0.62548828125 0.357421875 0.0341796875 0.03515625
9 0.6337890625 0.31787109375 0.03515625 0.0361328125
9 0.64208984375 0.279296875 0.0341796875 0.03515625
9 0.650390625 0.240234375 0.03515625 0.03515625
9 0.4150390625 0.19384765625 0.013671875 0.0126953125
9 0.65380859375 0.4560546875 0.0263671875 0.02734375
9 0.353515625 0.02294921875 0.01171875 0.0126953125
5 0.5078125 0.57470703125 0.005859375 0.0283203125
6 0.08154296875 0.87890625 0.0185546875 0.048828125
9 0.22265625 0.54443359375 0.021484375 0.0224609375
9 0.2392578125 0.509765625 0.021484375 0.021484375
9 0.21435546875 0.5185546875 0.0205078125 0.021484375
9 0.23046875 0.482421875 0.021484375 0.0234375
9 0.6474609375 0.486328125 0.025390625 0.02734375
9 0.66064453125 0.4267578125 0.0263671875 0.02734375
9 0.7802734375 0.23486328125 0.0078125 0.0087890625
9 0.720703125 0.3125 0.02734375 0.02734375
9 0.78173828125 0.22509765625 0.0087890625 0.0087890625
9 0.75537109375 0.232421875 0.0361328125 0.037109375
9 0.7275390625 0.22265625 0.017578125 0.017578125
9 0.7421875 0.259765625 0.017578125 0.01953125
9 0.70751953125 0.24462890625 0.0361328125 0.0341796875
9 0.72705078125 0.283203125 0.0263671875 0.025390625
9 0.69287109375 0.27685546875 0.0263671875 0.0263671875
9 0.6865234375 0.30615234375 0.025390625 0.0283203125
9 0.68896484375 0.462890625 0.0263671875 0.02734375
9 0.71435546875 0.34228515625 0.0263671875 0.0263671875
9 0.6796875 0.33642578125 0.02734375 0.0283203125
9 0.70751953125 0.37255859375 0.0263671875 0.0263671875
9 0.67333984375 0.3662109375 0.0263671875 0.02734375
9 0.701171875 0.40234375 0.02734375 0.02734375
9 0.6669921875 0.39599609375 0.02734375 0.0263671875
9 0.6943359375 0.4326171875 0.025390625 0.02734375
9 0.76123046875 0.943359375 0.0302734375 0.03125
9 0.74755859375 0.8974609375 0.0283203125 0.02734375
9 0.77685546875 0.91064453125 0.0302734375 0.0322265625
9 0.869140625 0.17431640625 0.005859375 0.0068359375
9 0.966796875 0.953125 0.029296875 0.03125
9 0.833984375 0.26513671875 0.005859375 0.0068359375
9 0.82763671875 0.26220703125 0.0068359375 0.0068359375
9 0.822265625 0.25927734375 0.005859375 0.0048828125
9 0.86767578125 0.18701171875 0.0087890625 0.0087890625
9 0.87548828125 0.17822265625 0.0068359375 0.0068359375
9 0.8798828125 0.16748046875 0.005859375 0.0068359375
9 0.87353515625 0.16455078125 0.0068359375 0.0068359375
9 0.97900390625 0.92431640625 0.0302734375 0.0302734375
9 0.859375 0.19921875 0.009765625 0.01171875
9 0.85888671875 0.18310546875 0.0087890625 0.0087890625
9 0.86328125 0.17138671875 0.005859375 0.0068359375
9 0.86669921875 0.16162109375 0.0068359375 0.0068359375
9 0.85693359375 0.16845703125 0.0068359375 0.0068359375
9 0.8603515625 0.15771484375 0.005859375 0.0068359375
9 0.84912109375 0.19384765625 0.0107421875 0.0107421875
9 0.951171875 0.91064453125 0.03125 0.0322265625
9 0.76708984375 0.859375 0.0263671875 0.02734375
9 0.85009765625 0.17919921875 0.0087890625 0.0087890625
9 0.8505859375 0.16552734375 0.005859375 0.0068359375
9 0.8544921875 0.15478515625 0.005859375 0.0068359375
9 0.88134765625 0.99365234375 0.0302734375 0.0126953125
9 0.7939453125 0.87060546875 0.029296875 0.0322265625
9 0.92822265625 0.984375 0.0302734375 0.03125
9 0.89794921875 0.9697265625 0.0302734375 0.033203125
9 0.86767578125 0.95458984375 0.0302734375 0.0322265625
9 0.83740234375 0.93994140625 0.0302734375 0.0322265625
9 0.80712890625 0.92529296875 0.0302734375 0.0322265625
9 0.85107421875 0.98681640625 0.0302734375 0.0263671875
9 0.84375 0.16259765625 0.005859375 0.0068359375
9 0.82080078125 0.97412109375 0.0302734375 0.0322265625
9 0.791015625 0.958984375 0.029296875 0.03125
9 0.78173828125 0.82958984375 0.0263671875 0.0263671875
9 0.82275390625 0.884765625 0.0302734375 0.03125
9 0.8076171875 0.84130859375 0.03125 0.0302734375
9 0.8359375 0.85546875 0.03125 0.03125
9 0.86474609375 0.869140625 0.0302734375 0.033203125
9 0.8388671875 0.18994140625 0.009765625 0.0107421875
9 0.841796875 0.1748046875 0.0078125 0.0078125
9 0.84765625 0.15185546875 0.005859375 0.0068359375
9 0.828125 0.1845703125 0.01171875 0.01171875
9 0.83349609375 0.1708984375 0.0087890625 0.009765625
9 0.83740234375 0.16015625 0.0068359375 0.0078125
9 0.8408203125 0.14892578125 0.005859375 0.0068359375
9 0.822265625 0.14501953125 0.01171875 0.0126953125
9 0.82275390625 0.1640625 0.0107421875 0.01171875
9 0.93701171875 0.9404296875 0.0302734375 0.03125
9 0.9228515625 0.896484375 0.03125 0.033203125
9 0.908203125 0.92724609375 0.03125 0.0322265625
9 0.89453125 0.88232421875 0.03125 0.0322265625
9 0.8798828125 0.9130859375 0.033203125 0.033203125
9 0.8505859375 0.8994140625 0.03125 0.03125
9 0.205078125 0.49169921875 0.021484375 0.0224609375
