5 0.39306640625 0.97314453125 0.0263671875 0.0224609375
9 0.7255859375 0.330078125 0.009765625 0.009765625
9 0.72265625 0.33837890625 0.005859375 0.0068359375
9 0.73046875 0.32080078125 0.009765625 0.0107421875
9 0.5947265625 0.23291015625 0.01171875 0.0126953125
9 0.76220703125 0.25146484375 0.0166015625 0.0166015625
9 0.73193359375 0.751953125 0.0283203125 0.02734375
9 0.78759765625 0.83154296875 0.0478515625 0.0498046875
9 0.73779296875 0.80712890625 0.0478515625 0.0478515625
9 0.7958984375 0.197265625 0.013671875 0.013671875
9 0.7900390625 0.2109375 0.013671875 0.015625
9 0.779296875 0.2177734375 0.009765625 0.01171875
9 0.7578125 0.19921875 0.01171875 0.01171875
9 0.74365234375 0.2431640625 0.0166015625 0.017578125
9 0.72509765625 0.30322265625 0.0107421875 0.0107421875
9 0.75439453125 0.26806640625 0.0146484375 0.0146484375
9 0.748046875 0.2841796875 0.013671875 0.013671875
9 0.73828125 0.26025390625 0.015625 0.0146484375
9 0.73291015625 0.2763671875 0.0146484375 0.013671875
9 0.7421875 0.296875 0.01171875 0.01171875
9 0.72900390625 0.28955078125 0.0126953125 0.0126953125
9 0.7373046875 0.30810546875 0.009765625 0.0107421875
9 0.60400390625 0.19287109375 0.0126953125 0.0126953125
9 0.5869140625 0.27099609375 0.013671875 0.0126953125
5 0.62060546875 0.89501953125 0.0146484375 0.0263671875
9 0.4482421875 0.11474609375 0.01171875 0.0126953125
9 0.6005859375 0.294921875 0.033203125 0.03515625
9 0.60888671875 0.255859375 0.0341796875 0.03515625
9 0.61669921875 0.21826171875 0.0341796875 0.0341796875
9 0.62548828125 0.1787109375 0.0341796875 0.03515625
9 0.6337890625 0.13916015625 0.03515625 0.0361328125
9 0.64208984375 0.1005859375 0.0341796875 0.03515625
9 0.650390625 0.0615234375 0.03515625 0.03515625
9 0.4150390625 0.01513671875 0.013671875 0.0126953125
9 0.65380859375 0.27734375 0.0263671875 0.02734375
5 0.5078125 0.39599609375 0.005859375 0.0283203125
6 0.08154296875 0.7001953125 0.0185546875 0.048828125
9 0.22265625 0.36572265625 0.021484375 0.0224609375
9 0.2392578125 0.3310546875 0.021484375 0.021484375
9 0.21435546875 0.33984375 0.0205078125 0.021484375
9 0.23046875 0.3037109375 0.021484375 0.0234375
9 0.6474609375 0.3076171875 0.025390625 0.02734375
9 0.66064453125 0.248046875 0.0263671875 0.02734375
9 0.7802734375 0.05615234375 0.0078125 0.0087890625
9 0.720703125 0.1337890625 0.02734375 0.02734375
9 0.78173828125 0.04638671875 0.0087890625 0.0087890625
9 0.75537109375 0.0537109375 0.0361328125 0.037109375
9 0.7275390625 0.0439453125 0.017578125 0.017578125
9 0.7421875 0.0810546875 0.017578125 0.01953125
9 0.70751953125 0.06591796875 0.0361328125 0.0341796875
9 0.72705078125 0.1044921875 0.0263671875 0.025390625
9 0.69287109375 0.09814453125 0.0263671875 0.0263671875
9 0.6865234375 0.12744140625 0.025390625 0.0283203125
9 0.68896484375 0.2841796875 0.0263671875 0.02734375
9 0.71435546875 0.16357421875 0.0263671875 0.0263671875
9 0.6796875 0.15771484375 0.02734375 0.0283203125
9 0.70751953125 0.19384765625 0.0263671875 0.0263671875
9 0.67333984375 0.1875 0.0263671875 0.02734375
9 0.701171875 0.2236328125 0.02734375 0.02734375
9 0.6669921875 0.21728515625 0.02734375 0.0263671875
9 0.6943359375 0.25390625 0.025390625 0.02734375
9 0.76123046875 0.7646484375 0.0302734375 0.03125
9 0.74755859375 0.71875 0.0283203125 0.02734375
9 0.77685546875 0.73193359375 0.0302734375 0.0322265625
9 0.966796875 0.7744140625 0.029296875 0.03125
9 0.833984375 0.08642578125 0.005859375 0.0068359375
9 0.82763671875 0.08349609375 0.0068359375 0.0068359375
9 0.822265625 0.08056640625 0.005859375 0.0048828125
9 0.86767578125 0.00830078125 0.0087890625 0.0087890625
9 0.87548828125 0.001953125 0.0068359375 0.001953125
9 0.97900390625 0.74560546875 0.0302734375 0.0302734375
9 0.859375 0.0205078125 0.009765625 0.01171875
9 0.85888671875 0.00439453125 0.0087890625 0.0087890625
9 0.84912109375 0.01513671875 0.0107421875 0.0107421875
9 0.951171875 0.73193359375 0.03125 0.0322265625
9 0.76708984375 0.6806640625 0.0263671875 0.02734375
5 0.62353515625 0.87353515625 0.0126953125 0.0205078125
9 0.85009765625 0.0029296875 0.0087890625 0.00390625
9 0.88134765625 0.82470703125 0.0302734375 0.0322265625
9 0.7939453125 0.69189453125 0.029296875 0.0322265625
9 0.92822265625 0.8056640625 0.0302734375 0.03125
9 0.89794921875 0.791015625 0.0302734375 0.033203125
9 0.86767578125 0.77587890625 0.0302734375 0.0322265625
9 0.83740234375 0.76123046875 0.0302734375 0.0322265625
9 0.80712890625 0.74658203125 0.0302734375 0.0322265625
9 0.9111328125 0.8388671875 0.029296875 0.03125
9 0.85107421875 0.81103515625 0.0302734375 0.0322265625
9 0.82080078125 0.79541015625 0.0302734375 0.0322265625
9 0.791015625 0.7802734375 0.029296875 0.03125
9 0.884765625 0.87939453125 0.048828125 0.0478515625
9 0.8359375 0.85595703125 0.046875 0.0478515625
9 0.82666015625 0.9599609375 0.0244140625 0.025390625
9 0.806640625 0.94287109375 0.017578125 0.0185546875
9 0.78173828125 0.65087890625 0.0263671875 0.0263671875
9 0.82275390625 0.7060546875 0.0302734375 0.03125
9 0.8076171875 0.66259765625 0.03125 0.0302734375
9 0.8359375 0.6767578125 0.03125 0.03125
9 0.86474609375 0.6904296875 0.0302734375 0.033203125
9 0.8388671875 0.01123046875 0.009765625 0.0107421875
9 0.841796875 0.0009765625 0.0078125 0.0
9 0.828125 0.005859375 0.01171875 0.01171875
9 0.93701171875 0.76171875 0.0302734375 0.03125
9 0.9228515625 0.7177734375 0.03125 0.033203125
9 0.908203125 0.74853515625 0.03125 0.0322265625
9 0.89453125 0.70361328125 0.03125 0.0322265625
9 0.8798828125 0.734375 0.033203125 0.033203125
9 0.8505859375 0.720703125 0.03125 0.03125
9 0.205078125 0.31298828125 0.021484375 0.0224609375
