9 0.265625 0.330078125 0.009765625 0.009765625
9 0.2626953125 0.33837890625 0.005859375 0.0068359375
9 0.2705078125 0.32080078125 0.009765625 0.0107421875
9 0.134765625 0.23291015625 0.01171875 0.0126953125
9 0.30224609375 0.25146484375 0.0166015625 0.0166015625
9 0.27197265625 0.751953125 0.0283203125 0.02734375
9 0.32763671875 0.83154296875 0.0478515625 0.0498046875
9 0.27783203125 0.80712890625 0.0478515625 0.0478515625
9 0.3359375 0.197265625 0.013671875 0.013671875
9 0.330078125 0.2109375 0.013671875 0.015625
9 0.3193359375 0.2177734375 0.009765625 0.01171875
9 0.2978515625 0.19921875 0.01171875 0.01171875
9 0.28369140625 0.2431640625 0.0166015625 0.017578125
9 0.26513671875 0.30322265625 0.0107421875 0.0107421875
9 0.29443359375 0.26806640625 0.0146484375 0.0146484375
9 0.2880859375 0.2841796875 0.013671875 0.013671875
9 0.2783203125 0.26025390625 0.015625 0.0146484375
9 0.27294921875 0.2763671875 0.0146484375 0.013671875
9 0.2822265625 0.296875 0.01171875 0.01171875
9 0.26904296875 0.28955078125 0.0126953125 0.0126953125
9 0.27734375 0.30810546875 0.009765625 0.0107421875
9 0.14404296875 0.19287109375 0.0126953125 0.0126953125
9 0.126953125 0.27099609375 0.013671875 0.0126953125
5 0.16064453125 0.89501953125 0.0146484375 0.0263671875
9 0.140625 0.294921875 0.033203125 0.03515625
9 0.14892578125 0.255859375 0.0341796875 0.03515625
9 0.15673828125 0.21826171875 0.0341796875 0.0341796875
9 0.16552734375 0.1787109375 0.0341796875 0.03515625
9 0.173828125 0.13916015625 0.03515625 0.0361328125
9 0.18212890625 0.1005859375 0.0341796875 0.03515625
9 0.1904296875 0.0615234375 0.03515625 0.03515625
9 0.19384765625 0.27734375 0.0263671875 0.02734375
5 0.0478515625 0.39599609375 0.005859375 0.0283203125
9 0.1875 0.3076171875 0.025390625 0.02734375
9 0.20068359375 0.248046875 0.0263671875 0.02734375
9 0.3203125 0.05615234375 0.0078125 0.0087890625
9 0.2607421875 0.1337890625 0.02734375 0.02734375
9 0.32177734375 0.04638671875 0.0087890625 0.0087890625
9 0.29541015625 0.0537109375 0.0361328125 0.037109375
9 0.267578125 0.0439453125 0.017578125 0.017578125
9 0.2822265625 0.0810546875 0.017578125 0.01953125
9 0.24755859375 0.06591796875 0.0361328125 0.0341796875
9 0.26708984375 0.1044921875 0.0263671875 0.025390625
9 0.23291015625 0.09814453125 0.0263671875 0.0263671875
9 0.2265625 0.12744140625 0.025390625 0.0283203125
9 0.22900390625 0.2841796875 0.0263671875 0.02734375
9 0.25439453125 0.16357421875 0.0263671875 0.0263671875
9 0.2197265625 0.15771484375 0.02734375 0.0283203125
9 0.24755859375 0.19384765625 0.0263671875 0.0263671875
9 0.21337890625 0.1875 0.0263671875 0.02734375
9 0.2412109375 0.2236328125 0.02734375 0.02734375
9 0.20703125 0.21728515625 0.02734375 0.0263671875
9 0.234375 0.25390625 0.025390625 0.02734375
9 0.30126953125 0.7646484375 0.0302734375 0.03125
9 0.28759765625 0.71875 0.0283203125 0.02734375
9 0.31689453125 0.73193359375 0.0302734375 0.0322265625
9 0.5068359375 0.7744140625 0.029296875 0.03125
9 0.3740234375 0.08642578125 0.005859375 0.0068359375
9 0.36767578125 0.08349609375 0.0068359375 0.0068359375
9 0.3623046875 0.08056640625 0.005859375 0.0048828125
9 0.40771484375 0.00830078125 0.0087890625 0.0087890625
9 0.41552734375 0.001953125 0.0068359375 0.001953125
9 0.51904296875 0.74560546875 0.0302734375 0.0302734375
9 0.3994140625 0.0205078125 0.009765625 0.01171875
9 0.39892578125 0.00439453125 0.0087890625 0.0087890625
9 0.38916015625 0.01513671875 0.0107421875 0.0107421875
9 0.4912109375 0.73193359375 0.03125 0.0322265625
9 0.595703125 0.06298828125 0.017578125 0.0185546875
9 0.30712890625 0.6806640625 0.0263671875 0.02734375
6 0.78515625 0.626953125 0.1015625 0.16796875
5 0.16357421875 0.87353515625 0.0126953125 0.0205078125
5 0.80126953125 0.208984375 0.0126953125 0.017578125
5 0.83056640625 0.15185546875 0.0126953125 0.0185546875
5 0.81298828125 0.1865234375 0.0126953125 0.01953125
6 0.84765625 0.48291015625 0.056640625 0.0908203125
6 0.72216796875 0.7861328125 0.0517578125 0.080078125
6 0.70556640625 0.78076171875 0.0517578125 0.0791015625
6 0.63330078125 0.93212890625 0.0888671875 0.1337890625
9 0.58642578125 0.08056640625 0.0166015625 0.0166015625
9 0.630859375 0.03466796875 0.01171875 0.0107421875
9 0.61962890625 0.0283203125 0.0107421875 0.01171875
9 0.6083984375 0.02197265625 0.009765625 0.0107421875
9 0.61376953125 0.072265625 0.0166015625 0.015625
9 0.60546875 0.08984375 0.017578125 0.017578125
9 0.62255859375 0.0546875 0.0166015625 0.017578125
9 0.603515625 0.044921875 0.017578125 0.017578125
9 0.39013671875 0.0029296875 0.0087890625 0.00390625
9 0.42138671875 0.82470703125 0.0302734375 0.0322265625
9 0.333984375 0.69189453125 0.029296875 0.0322265625
9 0.46826171875 0.8056640625 0.0302734375 0.03125
9 0.43798828125 0.791015625 0.0302734375 0.033203125
9 0.40771484375 0.77587890625 0.0302734375 0.0322265625
9 0.37744140625 0.76123046875 0.0302734375 0.0322265625
9 0.34716796875 0.74658203125 0.0302734375 0.0322265625
9 0.451171875 0.8388671875 0.029296875 0.03125
9 0.39111328125 0.81103515625 0.0302734375 0.0322265625
9 0.36083984375 0.79541015625 0.0302734375 0.0322265625
9 0.3310546875 0.7802734375 0.029296875 0.03125
9 0.4248046875 0.87939453125 0.048828125 0.0478515625
9 0.3759765625 0.85595703125 0.046875 0.0478515625
9 0.36669921875 0.9599609375 0.0244140625 0.025390625
9 0.3466796875 0.94287109375 0.017578125 0.0185546875
9 0.32177734375 0.65087890625 0.0263671875 0.0263671875
9 0.36279296875 0.7060546875 0.0302734375 0.03125
9 0.34765625 0.66259765625 0.03125 0.0302734375
9 0.3759765625 0.6767578125 0.03125 0.03125
9 0.40478515625 0.6904296875 0.0302734375 0.033203125
9 0.37890625 0.01123046875 0.009765625 0.0107421875
9 0.3818359375 0.0009765625 0.0078125 0.0
9 0.3681640625 0.005859375 0.01171875 0.01171875
9 0.47705078125 0.76171875 0.0302734375 0.03125
9 0.462890625 0.7177734375 0.03125 0.033203125
9 0.4482421875 0.74853515625 0.03125 0.0322265625
9 0.4345703125 0.70361328125 0.03125 0.0322265625
9 0.419921875 0.734375 0.033203125 0.033203125
9 0.390625 0.720703125 0.03125 0.03125
